25,55320
10,13687
44,45159
38,72650
96,38732
16,07730
5,55971
38,57270
86,53208
11,60140
44,68720
12,85623
40,12529
47,61238
31,42025
24,60402
58,77502
43,46340
38,58785
8,27871
37,05482
39,26367
20,13318
26,21673
22,60510
26,66754
28,98403
36,46517
58,23603
51,96115
8,30619
28,22652
41,20839
25,43728
53,55104
11,30521
14,68801
46,76120
11,44824
45,55108
43,52555
17,74736
38,50126
17,22729
37,35006
194,19131
18,67673
8,29474
31,70560
26,06020
26,57560
27,97419
27,60469
41,42735
53,15522
19,90631
9,18246
34,32464
17,68924
27,72648
15,25231
31,93630
17,74632
20,62601
11,38362
28,69335
20,60476
40,37075
7,45332
25,13783
13,84052
49,32837
28,84622
26,50007
38,30521
20,72450
10,56447
37,77381
32,96708
17,19475
38,36078
6,15952
15,07764
12,80621
18,12463
24,62917
47,29142
66,39701
32,20866
11,64638
33,98648
58,36203
11,30436
46,73768
15,98358
39,26554
7,67530
7,39192
9,64620
42,37306
27,42025
16,19933
31,19094
23,73049
8,67645
187,19137
36,95301
35,07054
34,97541
35,54904
68,44110
21,56725
16,58337
63,17547
16,93648
21,30222
41,54648
42,35005
31,41539
29,05730
20,34669
9,41010
107,64155
53,30203
17,37191
19,86044
362,60621
35,60901
37,40810
6,37737
13,43036
46,57533
17,17023
346,60654
25,50847
23,50118
16,07111
13,78336
67,24945
49,73105
38,53010
20,31759
21,75852
14,81224
37,43402
29,49801
19,21087
36,81501
17,47858
13,65275
5,18446
40,76118
43,42715
38,14069
13,35072
21,73044
65,53216
21,15552
5,45661
23,36603
33,49093
12,25107
42,32669
14,24620
40,21133
9,13367
38,41342
28,58740
28,07419
102,95826
19,97326
44,13104
13,23481
57,27104
16,61234
31,13073
29,70057
46,73718
35,25984
19,30281
36,61951
68,98121
33,36540
5,83802
45,18640
14,32714
33,54835
33,05086
33,38588
17,59353
20,49668
14,41175
28,12446
16,06357
39,18401
30,31620
23,83283
11,15120
27,31057
31,52327
8,51051
22,24572
44,07080
82,33186
18,47339
34,44133
44,58761
27,29922
38,72644
22,26059
47,45213
33,84010
50,44646
46,81430
32,72355
44,59085
37,62254
41,66830
25,48858
40,04109
25,83648
32,37059
32,69134
46,21102
38,08835
43,40391
15,65605
44,47847
83,85749
48,80929
32,61442
9,13608
42,70712
49,55414
234,77036
28,50256
24,67850
30,50147
36,52077
164,60647
9,11722
35,21769
32,20882
45,96115
37,80136
57,97233
22,61325
43,27107
34,32565
34,83127
44,30292
8,76643
24,06896
24,62376
38,93066
62,43604
9,04064
40,58460
209,19126
34,67860
19,29730
56,32312
25,23356
33,60966
75,30528
10,10591
42,53404
13,51031
36,25969
8,25666
33,32234
22,60554
64,79903
18,44689
40,67747
6,97857
42,76849
19,22130
93,43215
24,55424
16,97389
53,60541
34,36330
10,37329
36,42076
37,63963
18,21051
30,62831
15,40056
23,31789
14,49885
31,96034
31,51575
24,81040
44,43906
33,40342
7,39066
165,48202
16,54027
8,17368
12,55937
34,98115
38,65570
41,53968
7,71277
27,07624
33,66866
10,59837
30,44628
35,64779
21,85922
14,72611
49,21738
37,88023
19,12175
11,34761
15,75009
18,67874
7,91906
29,49241
36,56208
32,68781
17,59523
10,38030
64,06851
21,27041
25,21048
10,68640
41,13757
15,67150
9,22437
36,58495
42,64089
319,77036
25,38759
19,30728
13,49769
33,47598
41,65611
9,48829
29,04105
6,95442
22,04865
37,05404
43,82501
7,95388
33,25840
65,78744
14,76693
29,79220
43,90720
5,87823
40,78612
20,98335
40,79601
8,95650
30,17042
39,80817
40,35579
36,14541
8,97065
22,39743
36,74081
10,77359
185,90015
23,80481
40,63664
17,97882
37,26055
16,48191
27,88025
31,61435
13,36751
34,85307
13,53093
21,56031
34,36346
20,06085
17,64034
37,39074
21,45673
5,67550
24,11701
11,45858
47,02150
24,75492
16,50608
29,61910
40,05778
44,26276
28,71834
22,53143
8,08056
15,18343
29,59086
46,73551
38,16740
11,16950
38,47933
13,48529
31,50643
10,78950
6,20623
8,26288
41,67701
43,65077
30,44627
27,26769
18,54457
43,38555
36,49002
26,58440
23,66432
43,43755
20,94014
17,72617
29,49101
23,75486
12,07626
44,66075
27,51572
22,37779
23,12502
28,29527
19,53017
8,68661
27,06758
29,59262
56,46613
43,67103
37,23934
30,82428
14,43019
10,79316
22,15775
9,07885
22,04086
30,22736
32,41719
249,19133
15,50109
36,49272
43,47568
26,27107
18,67627
34,67950
35,95548
29,26236
16,48818
46,47567
19,42653
16,95255
18,36009
8,86321
26,92064
15,13621
39,62257
37,03870
24,19934
35,54971
42,41004
47,30721
39,49080
43,12821
33,93214
43,40823
138,85020
139,75436
24,76873
14,28571
42,20720
11,76262
28,62617
32,18426
25,24347
10,37324
42,27607
25,36754
44,70372
47,68367
41,49447
25,77444
41,17023
36,06430
22,76078
42,15210
25,19025
44,77833
15,99679
26,43533
39,76934
34,14701
48,01835
28,54494
18,54657
15,78569
12,76270
19,43351
29,22740
42,15865
94,78723
32,03303
30,16874
31,37174
8,11705
41,26525
24,45242
28,46126
40,43085
41,78405
14,03777
37,15946
32,54758
41,06820
10,74054
12,56078
30,62539
32,22117
15,74461
20,58577
30,52228
13,58265
13,60025
23,76856
31,31419
35,47325
29,12585
25,68861
88,07112
5,72341
31,08824
5,67051
81,02770
40,32311
46,15401
40,71931
14,89415
35,43930
9,60013
45,73651
33,92028
212,60603
10,11735
154,75246
23,52647
51,72916
18,99023
37,18327
29,14580
43,62512
40,23426
19,70080
47,08759
42,17214
6,55612
46,68621
12,66871
6,70356
6,40291
23,11957
16,59853
29,61486
45,26412
319,60657
43,14728
31,16616
6,28434
32,62069
28,99138
78,80249
43,07008
69,68743
46,07728
28,06519
35,64126
17,67733
37,47529
186,90065
37,89019
21,93460
38,53952
34,74882
15,41014
47,88415
9,33843
18,56131
31,51441
36,55118
11,22509
39,68980
54,42134
31,47848
18,52572
35,48066
22,54658
19,40327
22,25882
18,15473
18,26150
7,14847
26,92807
35,57427
10,56485
22,28691
30,97111
97,78735
30,30535
35,56443
36,72010
15,49765
32,61311
33,21034
14,76363
37,01376
27,76566
17,62676
11,15143
37,36251
48,62323
116,97214
30,68856
16,44471
37,60088
7,79607
33,76852
39,24558
40,67861
45,46614
38,56131
12,72443
6,48463
22,42731
14,73533
22,50573
39,56537
14,58630
13,61951
25,56592
40,36535
17,70720
33,44234
44,95428
18,32401
18,77713
38,98405
39,53140
18,41828
36,78734
34,61615
18,06481
245,77078
25,30439
46,33813
23,84312
7,57341
28,52574
28,54646
32,14131
11,03278
44,83285
23,98953
106,38109
47,60098
75,98118
35,41002
32,63334
92,10028
42,96134
36,76571
26,20711
38,03086
9,16225
35,58260
17,77450
25,72638
10,01754
45,93234
23,46962
55,13323
5,72351
42,02537
27,96015
24,14034
15,31624
34,37819
23,64671
28,86343
22,72773
187,11221
40,79713
20,49067
41,29714
46,32696
23,78597
64,67301
15,58718
40,47018
39,47403
49,57769
35,23416
15,08221
65,50643
53,92336
6,46747
41,25275
34,05463
8,62889
18,05845
7,25868
20,17240
347,60626
43,37064
26,31636
38,95367
39,96115
33,61536
48,27850
32,57234
17,07074
14,62906
21,41728
17,76459
83,45410
26,81212
43,78549
34,25865
33,61847
8,54424
36,21784
26,64040
44,08026
43,03301
38,46410
18,24054
9,54986
5,38778
38,84044
19,88343
7,36477
13,57012
35,72432
20,35774
100,14608
22,12155
18,99573
40,53139
42,98846
21,75901
22,54725
27,10969
12,15211
37,37348
18,72555
11,02346
11,28660
14,95228
82,30346
31,46940
30,96115
24,83812
23,22110
41,99034
40,52213
13,08514
21,99622
27,61754
8,54463
32,38425
22,20685
16,51364
43,90305
13,06423
35,23901
25,38316
16,39739
33,20664
19,23702
37,87029
27,14003
37,49247
30,65737
30,30204
69,14769
40,97303
23,46105
49,77840
71,33614
14,17509
12,43113
25,58374
24,72553
28,16829
41,07018
10,38964
40,98208
22,59858
41,95969
24,32640
44,78013
13,27313
33,52766
22,02914
41,53020
5,70759
29,44626
15,55020
18,62357
33,83858
15,66743
11,21236
22,08544
28,36343
100,63458
51,80226
7,57233
11,49799
23,30458
43,26705
18,22306
22,65034
44,30547
13,61454
23,29545
17,67062
8,24598
47,04040
6,64490
21,11955
27,45715
23,16153
51,06705
39,72014
12,25813
6,12149
47,50322
10,36088
20,72461
26,57543
24,12861
14,04002
101,70117
40,60913
39,77578
37,72857
35,43912
18,35542
10,35988
37,27243
9,98569
16,07052
5,99919
19,13697
35,38011
6,73664
9,12762
43,98208
18,44203
9,18465
16,44050
35,31019
8,61234
31,54629
5,36031
42,39325
18,59453
34,22182
30,01082
24,80441
63,63304
41,62427
39,29653
44,72113
31,17067
30,73527
33,12167
22,66940
43,99682
38,41377
14,38471
32,96162
8,23062
35,70092
7,58271
19,49635
34,26342
47,80642
39,94301
364,60617
45,91030
43,30540
126,04929
23,59058
36,56065
71,64127
33,76945
53,66109
43,57034
27,47306
21,75205
42,99606
44,82210
9,38482
32,21012
38,10704
34,29666
15,99575
35,62633
40,68106
42,23442
27,19053
36,72610
30,85345
27,48329
18,12450
74,32829
19,12845
35,25064
9,15209
14,75835
14,48861
7,12764
79,92130
47,36607
61,49255
44,65282
28,68422
12,14826
126,94133
41,81413
43,48340
88,21205
19,41093
11,42752
31,18447
8,45334
25,33470
41,50440
34,45344
16,30281
36,71023
29,94550
39,36532
48,06249
17,28572
19,03259
9,58330
13,07922
40,51546
37,07423
25,50029
5,19934
23,54556
6,65078
44,28557
90,55912
42,22929
25,71827
41,25920
23,51036
23,92057
14,95568
68,49419
24,94535
129,65344
22,97125
25,76302
9,80723
39,54840
11,46039
44,97470
31,93225
22,29479
23,26032
36,16334
20,45449
17,42215
76,43205
20,22151
7,98001
13,20905
33,12742
20,71068
43,72764
45,55363
36,57227
20,88341
26,18828
42,97857
44,79031
44,95368
9,73546
31,52804
36,28754
7,06423
8,52037
21,99590
42,28645
14,80033
10,77458
32,95255
31,13166
11,04471
58,68154
57,21044
37,48744
32,54827
33,75115
41,30180
45,68957
40,22847
43,40824
20,51543
80,85747
16,83870
19,62655
34,66833
10,16311
12,48015
10,22845
31,87535
6,20608
39,32053
38,06426
30,76689
8,36720
20,48876
100,97232
99,32222
200,11228
7,21031
34,31548
39,12055
31,04092
7,74867
36,71322
44,06377
72,91104
28,48184
10,49834
34,56139
30,66423
18,93553
11,65790
49,01540
23,27203
22,22578
16,27501
38,60472
31,55013
39,30606
43,72841
14,06423
15,63020
81,21224
37,70583
20,24936
37,28604
25,48611
11,44437
39,17555
14,46290
35,32826
40,51656
9,45323
30,31779
43,36088
16,06029
22,95936
38,60104
62,47448
39,53533
82,23038
40,98937
31,57646
8,35646
7,22657
35,59059
42,70058
36,65704
30,14098
23,59530
12,01776
35,39482
15,51652
42,36276
17,65048
22,40983
44,80005
36,47443
31,59250
36,99655
25,13755
12,12910
43,70395
42,98670
8,23976
13,66759
41,96056
40,74831
36,99745
34,20639
45,04694
27,52226
38,13428
13,58789
40,41441
45,12209
36,56357
11,71342
36,75110
41,84532
27,70586
5,46738
30,84103
12,13734
32,73120
28,61067
92,92106
284,77063
27,50056
43,79087
122,78744
39,07738
44,49862
41,72619
31,32132
30,79041
217,10026
31,46324
42,56680
36,36032
81,35208
33,55430
42,31014
33,24571
34,78881
44,46268
22,75554
32,03086
45,27520
7,30230
23,99783
23,18301
106,01105
6,39668
11,12192
22,30821
36,76082
37,74552
31,57044
63,64067
13,56277
36,93449
27,44065
21,25845
38,48519
137,85006
38,80840
44,65246
43,68711
35,73728
6,79547
13,12930
27,67051
37,31768
7,43821
38,28738
8,15031
29,13085
32,45686
21,65334
55,26443
29,43416
36,78629
37,83463
10,11727
21,85364
7,35541
10,21010
28,16634
27,67341
23,40150
21,58533
18,80123
38,15677
31,65761
10,63848
67,45246
38,99750
18,66007
13,95524
21,58566
13,19012
37,42035
40,01430
43,63837
25,92304
31,08867
22,83286
14,47974
41,68791
36,41274
100,94111
28,62940
23,07935
22,02164
49,37409
25,59749
96,32209
8,99627
7,06243
44,72751
9,56065
16,46017
15,59030
33,63051
37,44402
6,59844
38,33880
41,45860
39,43316
8,15341
57,01011
29,13063
39,23089
48,63334
34,84035
53,44669
5,43747
40,04666
6,16745
39,20667
28,21659
25,33838
30,96779
20,51534
58,19807
41,37882
10,45174
23,28434
36,58747
42,25505
33,02035
34,60139
52,94555
44,05045
34,38617
32,15729
15,35673
30,52535
32,77586
38,99129
33,38487
43,93266
42,13690
21,44092
32,37363
44,33330
30,07076
45,79842
29,23837
8,84781
23,05045
69,65201
29,08319
44,56521
41,04062
20,38647
25,81411
52,52804
27,11004
102,64441
33,06415
44,14904
9,72457
57,37853
26,40291
84,66115
9,76444
10,28721
35,38756
25,70774
34,95367
17,02346
41,36451
46,67623
44,64863
10,61244
5,02837
12,49080
27,41044
36,41018
9,83523
32,35749
44,47394
29,97333
29,26230
10,72339
19,07307
23,47649
9,62260
43,16929
12,08030
37,66017
6,13494
88,89119
40,33950
39,16627
6,57761
43,58769
14,49726
14,28457
19,32784
28,58733
87,89110
52,18414
11,72061
37,65711
33,39092
13,12019
17,72842
37,55128
42,24563
11,57543
12,01096
18,74878
22,76067
28,73725
39,57265
23,45898
34,25287
41,47649
117,48875
22,38774
33,79230
24,07901
37,81430
5,48003
11,79325
46,37709
29,60007
36,15617
36,06375
45,95236
25,05446
27,23934
40,15022
32,46402
15,02032
7,41238
56,40220
12,48616
12,76651
27,17768
49,36206
33,02126
28,72669
34,58759
125,16405
38,11772
7,40114
23,52162
32,32040
37,07865
86,64067
39,70084
44,56249
18,70343
43,06607
18,80728
36,50542
82,97812
34,29162
48,95488
8,76634
31,68666
45,80303
65,93309
18,88352
11,16351
41,64642
28,37333
8,98258
46,33441
12,56359
32,28166
7,96755
86,20009
53,68443
29,95333
21,65041
6,88421
24,98362
34,32702
29,24067
24,56479
41,37032
23,76859
56,62233
10,66212
35,83619
20,11952
26,32250
13,55011
33,51653
33,01507
21,36771
15,25517
32,79371
53,49008
16,04742
7,95549
31,17812
8,52169
45,90604
25,64461
13,62950
7,84734
43,62454
16,54616
17,24236
49,31532
34,59828
16,62465
47,08201
12,47861
23,61018
23,85268
11,05153
13,51444
22,75604
46,64486
28,38220
8,58471
42,32830
8,01588
29,73853
24,11563
9,64429
21,07027
6,60131
41,60555
5,26720
29,78643
35,64494
24,51301
8,08223
5,57265
33,64426
29,54726
29,83830
6,56007
32,63769
17,26354
30,38916
29,52040
17,85544
33,66010
58,33711
10,57656
35,73932
21,26629
11,36526
13,30552
23,46075
32,38633
26,44041
9,23952
42,08556
32,36026
12,01516
32,44138
106,95134
37,19720
42,04240
70,95831
51,94940
6,76849
33,15625
37,28713
22,65747
40,54722
47,34946
40,50840
35,23665
13,30517
33,30425
23,04342
22,97640
43,76842
19,49868
18,91602
25,48451
37,32464
116,43205
44,54736
17,63334
33,28611
29,43719
32,33981
23,68466
252,90007
15,92118
25,56440
41,38759
30,79537
36,17097
10,98856
29,91950
41,34602
37,55726
30,15832
39,50134
31,72524
72,67203
8,14003
8,08215
41,47387
36,33514
18,70438
18,55019
6,32195
15,71667
31,69035
57,63031
33,02649
16,50449
23,88419
37,73849
15,30641
12,19117
40,65706
22,72634
16,84029
32,25301
35,43748
45,30291
54,14428
14,24731
17,61454
9,44443
12,74560
26,35148
48,54603
25,98232
17,56527
34,24014
28,49774
9,71675
28,54527
17,14864
67,52623
41,95546
5,06475
34,25428
24,68787
9,57747
37,62912
30,58357
21,33444
30,99123
15,19406
23,05761
11,68768
121,95131
80,74107
18,54427
31,50312
33,66097
12,73564
25,12816
11,13408
18,30124
17,28704
50,22032
8,04492
14,05757
26,28570
45,12203
9,22640
38,42733
10,24121
25,28763
32,37397
16,56533
10,72686
30,47981
21,89425
28,84029
19,66849
36,68524
38,11713
24,52003
10,15053
44,25274
42,26167
43,35621
65,94619
20,83452
23,39055
10,19562
41,04650
36,55310
37,65754
19,28469
40,84106
29,29580
9,91330
29,55720
8,15714
25,76566
86,68524
25,39154
15,45321
98,10016
23,54937
27,75568
62,45255
21,34623
23,97468
8,01072
17,63967
23,54015
50,26571
34,68037
38,81652
5,11952
43,18977
47,39337
75,28112
36,23023
23,41001
34,38232
88,63090
39,52202
27,88432
30,72616
20,38368
18,11356
81,22206
32,55374
28,04737
37,45714
19,42420
30,21562
38,01966
12,67523
20,72083
39,67732
7,06488
40,54888
23,05494
30,33565
37,23701
16,37643
57,35740
10,58484
16,71441
7,56621
25,21778
36,31206
14,97044
63,55407
65,78418
28,81416
18,96013
13,13450
44,24521
34,23523
62,48841
10,55013
32,05650
9,79057
34,83466
45,30438
30,95948
32,98587
59,53717
7,59721
29,38754
40,34737
36,50228
20,99327
27,37879
12,75684
35,75065
32,33030
23,37878
13,71362
34,82838
57,02738
43,68733
9,56032
180,90038
41,35802
38,30553
30,22460
36,83241
34,80815
44,06516
64,20007
23,49774
50,47320
16,46320
26,33446
10,19341
43,47451
26,83843
44,73569
45,87941
42,80120
10,30411
45,49111
40,14840
37,61843
94,23219
33,35610
23,19508
42,48861
43,57737
39,32922
42,51556
18,49637
22,81630
11,56161
27,62567
42,29670
73,68037
26,24475
23,95624
36,02920
35,76092
40,32420
33,16667
16,80550
15,47274
70,45419
24,64862
10,26283
15,81123
22,93242
5,22940
43,44428
40,14839
12,61519
9,92236
43,92064
31,31638
40,82727
9,01002
35,22027
25,29689
38,15483
34,18355
44,73065
13,26717
40,87524
29,14821
35,83014
11,35564
89,48450
62,95821
17,71107
31,71018
45,19428
31,22509
62,60504
36,53121
18,74469
8,60033
41,76675
85,03849
37,45303
5,55607
28,95257
45,03581
9,54805
43,68452
47,28752
42,28445
36,48651
16,25419
35,66720
30,98524
20,78376
28,94062
44,70733
20,17921
13,25880
33,13101
12,48189
31,37763
17,79366
26,51350
47,71067
12,63937
35,38549
48,07029
18,72340
32,02767
74,63011
26,98339
15,64755
49,76538
28,54026
48,38320
29,48735
25,56630
31,01096
42,44230
19,68331
24,87053
25,59422
15,57779
38,62899
20,51645
32,55768
22,75141
26,62690
33,75440
16,55810
17,28320
24,62050
25,97750
21,85546
49,32321
30,31563
20,01453
10,60633
49,94520
52,48098
9,74028
39,67420
13,98072
23,71403
9,12819
50,98007
12,79040
9,95570
5,03852
28,08057
30,56758
21,59450
36,51520
37,45224
40,72943
52,72211
11,98027
39,48662
22,93103
13,71929
16,79707
31,14037
21,99724
8,67748
20,72714
38,49283
12,72846
14,32127
15,44403
25,63351
44,89825
24,73723
34,02341
30,82710
45,83349
25,56446
42,98580
12,47010
61,80013
13,41301
21,04676
39,55358
44,58214
43,80743
35,19518
14,52050
30,42735
34,06804
32,72635
80,85713
37,68510
25,59089
27,54217
36,55040
8,52572
35,98587
22,43783
48,91706
14,74428
9,48240
14,81633
47,38930
17,89831
21,34739
12,88126
42,89834
10,97145
35,45225
31,48748
45,02339
28,15320
37,17764
20,40108
28,60921
34,44826
16,52037
9,78589
16,73730
6,98244
21,62867
10,47137
27,13158
8,81239
27,49715
14,16748
37,23607
20,98377
17,54626
26,38352
117,38112
16,48891
36,64740
55,65804
39,34666
31,25520
36,27545
42,76041
39,41274
99,87701
35,96792
29,74849
44,41098
26,75570
29,27311
63,57433
9,33598
31,66857
19,03825
8,49880
13,20755
35,37680
44,90277
22,78641
32,16820
31,93239
8,68017
35,15423
8,49616
13,16255
44,58643
37,44281
89,21206
22,72837
26,28152
53,08104
82,42345
16,50518
24,97106
92,72562
51,75570
31,58067
19,45844
37,98840
25,28092
53,37411
22,79094
8,12428
76,78748
37,07753
5,56684
39,19012
17,78369
46,05038
7,27886
28,85936
17,52301
15,75165
17,53961
38,19964
50,79404
31,58260
8,29659
43,80653
23,28444
7,76082
18,40379
10,73723
23,15765
32,20770
42,05826
80,98236
26,77578
19,38425
30,71640
33,18041
11,43068
11,01225
12,37860
28,56744
37,67349
31,57072
7,24597
9,94580
23,52201
36,63935
28,44234
10,84002
14,15552
6,53029
11,32724
10,79096
52,68147
38,39423
28,54720
40,64423
35,88415
36,56382
18,57577
25,12189
28,91790
14,01082
13,23690
8,27379
29,30820
26,32569
44,06763
39,41269
25,14048
12,38901
14,56665
16,50051
24,94015
11,95934
33,97490
40,56469
33,65771
26,76932
22,83860
32,89451
30,37087
34,49738
25,74736
21,50581
15,99371
5,95002
32,93640
33,19477
31,68787
29,43933
35,60076
9,54832
23,24819
22,25174
12,24613
39,51248
29,74036
44,50532
36,24923
13,76653
16,76373
29,63664
19,15480
24,77514
111,75217
9,46374
31,04219
35,61471
21,16648
28,14568
28,17002
25,14760
21,36728
44,79830
31,01008
25,93644
30,04069
8,47270
10,72422
12,24360
23,23487
6,96040
30,11507
19,17820
27,41606
280,77081
27,24649
17,04236
23,62910
27,84041
40,72644
28,56377
43,32927
47,30528
36,19610
33,12966
23,43014
20,28129
37,59016
33,94086
22,01830
40,17017
40,19975
24,54106
14,75169
42,56740
21,57241
26,06089
13,17058
43,67735
43,37179
42,98053
16,55056
27,62633
21,93512
27,93635
125,30345
37,75681
37,29440
36,56010
38,12972
31,23336
52,27801
43,93638
27,33408
61,30650
33,12304
37,22031
356,60602
9,48619
29,26034
47,35805
37,36875
33,23354
31,44818
34,15066
21,13461
5,50562
17,79201
42,84604
32,93219
11,98635
35,56681
30,68328
9,27572
81,53717
30,22922
11,93644
23,11385
44,74964
28,88339
14,55026
51,21769
41,55756
62,83703
37,42453
85,35096
39,77465
17,24651
8,31569
28,21756
37,82321
8,36089
16,12901
42,64456
12,60461
28,41567
37,15464
30,12485
37,57028
41,57759
14,72340
34,18232
23,33161
54,02056
12,64487
99,22150
40,36311
37,53944
18,93401
38,16508
47,11367
21,67004
38,77517
31,54826
17,07203
17,22853
80,46104
87,95129
10,07849
34,85307
41,88005
59,64017
31,68620
44,59468
46,20851
8,79237
36,03902
39,30445
9,11793
15,31063
27,83234
71,72522
32,03282
32,61533
43,37118
37,65552
41,43973
9,03748
44,60544
37,19010
30,57217
30,05045
11,14082
40,43420
41,56061
43,22654
19,97466
32,78363
28,23117
28,06226
32,05340
9,05905
55,26710
29,29728
86,85034
24,69033
47,47272
28,02167
39,01243
35,01747
13,53922
40,43779
15,04785
44,26276
48,42003
37,06110
25,02809
38,16332
32,83262
30,26734
15,72458
17,33328
81,96816
40,65565
20,66773
35,29801
28,04769
6,72515
9,58570
16,54814
39,56324
45,32065
20,81650
31,21120
34,47579
20,07885
18,57545
19,62975
40,26568
37,07436
45,49094
20,96056
38,38645
12,37075
37,16412
248,10019
30,30293
26,54930
46,53079
45,11957
6,28114
62,47401
18,26631
19,20711
33,34691
25,49279
26,61021
12,37047
8,66516
14,68853
26,26301
46,48505
7,72628
15,52236
35,17540
80,53203
33,59327
77,23503
21,51636
27,75023
40,64655
24,79755
57,32837
11,73560
29,72946
27,28133
22,05857
12,64659
45,11385
48,52638
42,12450
36,83546
43,46705
39,02655
34,16734
6,62882
33,06268
50,30747
34,97839
58,93306
40,54140
40,03608
32,08310
7,78610
42,39051
40,98607
11,49036
44,38642
23,14054
35,84634
34,37339
34,80643
8,36009
44,11369
25,48625
19,50837
16,56520
21,54119
11,02702
30,37731
10,23417
34,46994
40,47136
42,17959
39,68944
41,68871
39,35670
16,58377
8,55127
31,66520
35,05495
361,60608
25,74523
35,19035
28,95966
44,47235
35,95971
24,32832
16,27986
31,40724
44,62002
40,18092
12,38773
36,35550
31,98501
39,32102
26,17827
16,27325
13,56146
24,36322
18,60005
15,11709
41,08097
23,11416
16,86022
33,65733
34,90280
42,66220
32,38344
21,22572
66,48188
35,13207
33,68729
46,26101
39,21655
15,61433
24,85283
22,46070
32,67341
12,67627
12,78950
28,78935
30,80751
9,84325
41,54210
39,14821
16,98603
38,43011
38,49460
33,02061
7,48138
10,19454
15,60026
41,30140
9,10963
29,78953
44,17502
8,46539
145,75241
43,72182
11,24072
45,37010
31,55114
33,37664
143,85009
9,53531
20,53961
40,26627
11,49614
39,55386
10,72301
29,77566
43,99614
37,50428
27,75453
20,60432
13,77568
19,35761
69,51560
20,81520
19,61957
19,74368
15,83260
11,21638
8,19023
35,19023
34,51006
41,08053
7,52069
36,49792
17,17264
23,16820
43,53588
16,55026
26,35442
25,77536
20,39776
42,12570
24,01810
26,62644
38,79360
28,83610
42,77510
40,45812
23,64842
35,98278
49,42206
43,85338
32,50601
23,13452
67,33615
38,10706
8,22923
44,49224
24,71326
45,73071
31,21820
15,97324
17,37361
38,69340
6,76539
18,38049
26,72473
21,36481
27,48218
39,63638
35,23456
35,53597
48,87105
24,79517
38,58718
55,95938
29,91405
34,58104
22,72001
59,03264
35,31009
8,06065
19,16616
38,85610
68,61087
42,37175
36,46501
14,92708
5,56250
25,34950
17,36030
42,81047
12,28623
91,28277
20,43078
31,99180
31,29330
37,26228
8,62274
15,69045
14,56157
21,22191
38,95612
43,57013
170,10027
27,29655
44,23930
30,53049
26,99350
5,12983
57,66608
44,85625
49,23704
9,04628
31,60068
36,66030
8,65459
37,75105
33,84065
41,41824
7,05262
34,19804
48,30214
12,41772
27,15211
39,85236
82,77506
15,05873
12,51025
8,71451
39,15865
19,55368
28,55025
62,07108
35,34646
26,13739
47,73857
8,24859
18,61864
43,68330
33,52253
19,30663
35,64624
18,60948
27,95918
35,84751
17,13752
8,52773
16,11565
8,63801
42,67637
10,96720
27,19530
37,34608
43,04750
10,60135
29,58436
25,72471
15,93604
23,72832
52,67671
12,12473
38,14561
20,75487
23,91501
42,92061
44,84405
44,70774
10,43963
29,37332
43,56475
26,23917
53,29607
12,59486
7,96706
54,97452
12,93505
20,10911
11,68337
9,50155
28,54872
22,02840
40,72086
26,01752
45,38076
25,02635
14,14870
56,33625
25,11713
53,14041
6,81525
19,46565
12,78380
14,71922
32,30185
15,27941
45,32771
21,70445
5,04758
21,61240
39,53555
29,57214
41,48471
36,28124
37,16935
41,18964
36,70605
37,28040
41,26437
38,55718
35,92027
36,67206
21,77429
60,84716
20,57361
20,41772
6,54970
38,78614
30,13696
9,29628
45,12413
29,14025
15,61413
16,92065
40,38625
41,75790
30,65760
23,64436
12,13477
41,46406
23,73757
16,52538
17,61732
35,45680
33,56452
39,63014
33,31542
28,29643
35,10930
26,75442
23,56387
17,51101
67,94605
20,30421
55,25864
19,35959
34,49843
34,14437
23,66749
34,60466
33,49236
37,08738
246,72070
32,93224
31,43067
13,78655
35,47587
10,04066
31,05360
10,58758
18,33936
41,95076
17,30622
61,56257
27,54150
103,19138
39,49002
48,57401
39,59025
43,33316
34,28334
11,36206
37,01259
50,90405
30,55430
5,53130
41,49896
31,15050
31,58495
36,20653
24,33143
12,16731
26,58230
26,65571
10,58480
44,08066
10,43072
20,26142
177,77035
17,68771
32,98295
41,18224
63,51560
89,95129
40,68833
91,89130
28,98168
9,05071
21,94705
14,72479
11,66967
28,99552
33,56551
17,65692
36,48809
37,14143
41,44099
11,97625
40,99682
30,79239
16,45102
30,23025
37,80801
48,61727
51,07457
24,68817
11,57202
33,13486
188,10002
32,54012
30,59827
13,58060
31,98812
7,07901
22,82832
11,05359
40,49629
14,07095
7,66856
28,35747
7,58576
30,35179
13,28780
80,47371
17,41545
38,75134
32,97826
37,65232
62,37228
18,23952
41,80801
31,78837
38,68789
5,13752
6,28079
19,92328
31,54853
13,41861
6,19506
23,59032
49,55803
18,06382
22,05655
32,79226
34,12791
42,19382
75,75103
20,60650
28,44440
33,79370
31,26767
35,61543
69,45211
51,37212
35,87524
13,70123
29,29006
16,39730
36,56060
12,68437
14,83243
16,56271
42,07702
55,28314
15,73116
40,51449
14,97630
17,11040
42,02568
28,26337
44,50574
34,13693
39,95490
11,47016
34,72553
21,45337
41,24943
74,23221
20,26060
37,42528
31,38138
51,93105
65,64747
39,32608
40,77510
42,23958
124,26215
40,50430
8,07881
73,21212
40,33905
15,54466
20,13777
31,59024
30,21849
11,65486
15,57004
38,59471
45,98844
30,54418
154,48242
33,99105
29,15647
22,29059
365,11229
22,37710
26,65652
32,19023
8,39069
44,10603
14,76569
40,35470
37,18641
33,18056
39,23692
22,37118
28,92028
25,18224
40,03455
62,35205
18,04530
25,13732
10,29669
9,29138
22,20905
34,12980
9,67566
79,78754
86,96816
46,13411
14,74548
15,35466
17,76365
22,26354
33,77518
29,98532
46,91709
17,11742
7,74059
28,40983
30,16693
31,06510
34,61470
47,34601
69,95947
39,02155
49,84040
34,71019
28,98856
49,84628
38,65793
32,95335
30,83113
25,94590
24,46392
22,15677
32,50857
35,83544
43,42458
26,81220
18,32625
19,07647
46,05866
33,40825
41,19094
6,73546
41,78019
17,24314
20,97111
22,50009
20,71433
19,67010
25,71444
44,78413
28,04066
79,89124
84,65810
31,60139
18,30223
26,26145
27,31764
25,61480
29,41306
29,50028
28,03246
44,71101
99,64125
35,78059
13,40906
33,26817
22,29583
21,33971
39,49464
7,04678
31,32643
20,32426
29,51572
19,97122
18,58225
13,44089
23,12980
62,92704
72,76106
35,07033
32,29039
14,95004
26,95242
21,74731
46,76021
14,53573
30,68770
44,43840
29,60554
32,68733
38,46740
25,99780
21,37361
19,79081
29,11787
14,14721
118,78205
23,82501
39,59254
31,45638
25,27549
15,45614
70,50067
6,27341
19,29055
30,46938
15,18070
40,02840
16,51028
21,10992
17,26337
252,77070
11,48626
9,85535
28,97876
28,39474
40,98024
25,58377
18,75244
10,73719
15,16664
36,73566
71,29210
44,47360
23,14305
13,31038
49,17724
16,90660
32,83214
21,29067
42,14873
38,67671
6,30421
25,15323
29,73461
43,15445
28,11715
34,49318
41,39211
37,99653
42,67035
169,90056
25,59644
36,79082
14,97415
41,97486
28,84627
20,58056
13,12577
42,47117
25,99588
18,91945
14,50648
20,60180
10,68466
19,37618
22,25568
20,48731
15,61563
31,22488
21,12095
96,53225
34,87535
14,78336
25,26761
38,52776
26,57261
61,05824
33,27317
29,63045
27,15071
44,45851
18,67568
43,50146
33,31794
54,01841
44,95013
32,24941
33,11103
36,76445
11,21013
16,72903
35,50453
63,58029
51,74633
9,49420
30,72670
12,11944
39,95920
41,12456
68,61104
28,44086
86,74116
30,74557
31,36251
37,47244
35,30338
13,72142
41,90804
12,24884
43,51430
10,85328
32,35243
15,95010
11,12938
45,43551
54,72744
5,29516
75,97420
156,19150
24,61874
29,67020
48,28056
85,87108
9,11796
25,57501
35,99121
39,42023
28,51656
42,15101
19,52246
66,64053
37,87815
24,93660
26,46911
32,89833
24,36083
19,38950
13,53186
35,45249
43,70548
24,11941
30,68927
43,62997
9,64463
43,74120
34,82083
11,29510
29,81243
26,60957
5,83214
34,53405
50,90807
24,40177
23,16121
10,78605
50,68124
31,81640
35,39532
30,57762
48,71052
30,44624
40,68874
23,30295
43,06403
46,67106
5,59422
12,74010
34,01243
27,55038
28,74842
27,80823
36,01550
23,50145
60,48640
26,15110
34,41266
40,83830
35,24105
23,48604
22,58412
36,57777
28,24504
28,15905
44,50229
19,46781
39,12461
15,64854
9,95415
133,95133
12,27509
25,48005
61,35611
26,40815
18,17365
32,85540
14,75057
42,59875
32,50026
40,79371
34,19046
11,87312
19,25148
44,27860
11,27559
12,92651
30,69138
36,42765
12,50478
16,04857
37,29445
22,20906
45,38261
32,56127
18,03231
33,17037
6,86444
25,26845
43,79040
35,26327
16,23230
14,24701
63,37853
29,18041
16,30130
37,87324
32,50421
19,45152
19,05675
40,56334
44,01519
35,55044
51,68788
42,34222
28,98597
65,98133
42,51572
13,22964
28,13160
36,50421
10,95988
34,44491
47,42464
14,05669
100,78256
41,31830
32,53520
17,75474
81,33613
39,24318
24,75417
21,93622
13,24651
18,58014
38,56168
217,19153
32,12590
20,73857
40,59460
12,34974
5,01258
30,14717
90,64165
44,29709
42,63102
23,79748
27,84013
36,80461
25,13825
43,78402
41,57226
33,16334
26,47338
21,52313
136,19118
7,51523
45,49441
20,46554
27,22734
18,75930
32,55454
5,71643
17,78953
44,73058
294,90037
37,20630
27,28351
29,43002
33,89426
6,29726
72,28262
35,44707
5,04570
24,90262
67,24348
48,06705
30,99105
37,22736
24,80525
36,12858
48,02210
55,44865
5,53805
39,41369
13,54422
35,35233
39,04673
30,16374
35,48089
21,23055
31,46324
29,95935
75,55414
12,44235
58,65256
38,85264
45,28658
31,59211
8,35481
27,03909
8,03815
27,53122
12,99122
37,51106
18,55810
27,19018
19,78603
34,53556
13,60935
40,95977
7,45890
24,16833
10,41144
12,17304
33,25510
42,44401
40,04049
42,39176
159,75241
22,35094
13,47553
39,28425
20,43085
33,02601
37,77625
6,23920
45,23188
32,78358
26,28684
39,62942
32,75901
26,57785
44,72021
15,47135
49,25813
37,33166
9,37724
11,22509
32,72519
15,66961
42,01945
22,37359
18,49457
20,30511
19,52214
38,77982
31,64456
71,29848
43,54162
21,24950
54,29646
41,18036
44,22943
30,58460
28,38567
53,60953
19,60425
39,76432
40,42539
35,10964
45,27706
30,14864
24,98072
42,45153
39,18812
28,86034
45,62450
36,01542
29,56520
44,49833
40,76849
46,36206
16,32766
44,11024
182,60613
39,92720
18,70726
24,39520
19,42711
17,95668
36,71412
32,23084
7,53191
48,15147
18,64071
39,47306
36,47527
58,66450
24,02904
28,14485
14,50595
12,74630
37,49445
27,51572
25,24733
21,63967
20,02835
8,61813
30,07644
13,62966
14,54520
11,68370
29,42765
44,62899
34,10538
26,86025
10,12843
16,30027
41,08251
17,04448
33,21562
21,02816
15,22079
15,72060
13,99578
47,68124
30,62872
20,79605
38,71767
35,29161
9,77434
29,40402
43,49953
136,32210
17,79545
11,45416
31,61489
137,75241
37,19403
37,26367
7,64735
121,78244
34,24565
30,42163
31,13832
33,41052
35,15940
22,29042
21,72005
26,36258
71,90813
12,08107
37,22718
10,72801
37,22568
22,63753
33,15220
19,39643
34,16404
22,53587
75,73135
17,47841
44,92532
48,60543
13,39462
9,12739
37,17365
9,79537
25,75410
19,92384
17,62955
41,79011
36,27596
43,68626
51,08079
25,87052
36,37010
46,52641
74,70126
21,57744
36,54488
162,11220
30,42445
31,16727
44,62325
31,67565
30,73550
15,36446
22,30740
33,41377
48,49247
20,72354
11,51510
89,78224
19,41862
40,37656
43,32114
5,38388
57,07305
44,19804
19,88434
23,20755
31,64421
30,36043
31,67565
11,21160
34,58854
10,73716
10,06787
47,64767
86,02858
14,02631
9,12055
21,97872
26,29369
26,54026
41,18452
36,97375
24,35053
93,87118
19,59071
19,58261
43,72358
35,79730
16,76373
22,69025
37,98502
40,58282
7,62275
26,31302
25,22186
20,60002
25,61042
7,27544
12,45840
10,56449
16,77303
41,04086
31,52649
43,03864
9,71032
14,75051
40,07462
32,25908
8,43731
10,78019
18,28790
39,53941
8,43323
13,78390
8,75154
35,52314
5,58794
36,29510
16,35006
15,06107
16,31746
45,27299
21,76680
34,11021
30,07439
26,10970
43,94556
24,19075
8,74857
29,43532
32,68882
8,26817
32,81039
48,49248
43,16424
39,11435
42,24312
21,54703
13,61543
19,04764
16,47567
38,63370
44,24943
19,72086
63,06432
36,15550
16,82063
35,11706
7,58480
22,25251
38,89311
6,02630
73,98136
34,53073
16,18976
17,78067
41,97394
18,41059
26,04446
32,44804
34,04544
29,18360
12,78147
12,53943
30,34642
17,50647
23,23011
26,03862
6,65734
33,76373
30,04273
39,49799
39,68955
15,65774
33,84124
33,49806
44,83677
34,70663
37,27591
6,13147
11,97759
42,11950
41,27233
54,01609
23,46563
29,26767
6,80805
63,44874
32,66733
41,97351
31,37330
12,80549
20,57774
15,33033
45,33909
25,32431
38,69367
40,32617
14,95444
25,26292
41,72121
23,01951
43,62555
16,56474
7,51237
13,15601
101,66968
14,23440
17,42275
31,30752
19,70653
38,11378
23,38614
24,76524
34,61880
23,22853
38,39145
60,64155
66,56257
42,63077
10,81069
7,14747
28,28443
16,73741
52,66213
117,07882
19,52048
15,61109
29,41559
20,93523
44,44842
34,93265
21,20737
16,12783
36,56359
44,43155
28,07070
39,55710
40,29841
25,39564
9,46971
33,89047
20,97378
9,32643
16,72459
38,46319
19,97107
45,98356
17,02178
36,27055
25,48623
34,68035
27,47023
82,45640
9,98245
26,41804
253,77013
20,32696
30,24554
18,08554
21,34957
30,07860
37,95209
10,93519
13,05827
38,54722
45,22844
21,28144
45,19362
22,90603
27,77532
19,11792
30,25274
40,32767
20,24445
33,61452
20,72207
32,10918
26,49503
46,01901
8,93243
27,88410
32,83842
9,13492
32,58344
21,54929
8,57024
23,57259
30,27964
10,71429
30,23504
11,25159
13,58009
40,61014
78,33131
36,56448
33,93101
21,72206
15,44849
44,84065
23,72567
30,65061
38,57560
50,95340
65,37902
22,04416
16,50448
30,48081
17,85615
54,44460
35,28453
25,10703
27,75493
42,93612
17,38666
37,82225
73,80237
24,42442
29,59077
37,26282
27,45150
46,07042
19,54945
44,54564
53,78748
20,33566
8,12833
12,39520
22,08056
21,74872
11,15110
7,59829
24,32350
79,53223
28,84314
42,68749
16,61811
27,40162
17,45432
41,94960
12,42171
41,15730
133,44135
28,19435
66,30345
21,44853
27,40176
5,47585
43,80822
6,66859
35,34949
8,74571
41,57252
45,98424
41,68102
40,18076
21,12952
21,07670
31,61348
14,97412
59,51343
6,61925
54,92545
8,67444
28,60924
41,65603
40,06796
21,64478
36,84052
50,61701
27,11714
34,13203
36,20737
37,12428
15,42410
17,53220
7,43162
37,72010
11,95630
21,55310
16,45654
18,98239
57,84731
15,31510
52,39339
49,76234
27,22535
14,23950
46,70811
9,07460
24,98244
22,10535
35,14839
47,57319
42,51436
25,50007
17,62353
42,61488
9,83605
30,50206
27,60951
24,52354
34,55329
5,26680
100,71404
8,29037
16,24089
25,80480
38,50070
11,78672
37,21502
58,02828
17,13835
26,78566
21,01719
60,50138
34,78749
13,98520
21,46565
56,45011
45,14735
37,66516
26,67154
9,41018
42,39157
5,20606
43,28480
5,73544
38,97375
70,80019
17,10926
14,15952
43,45883
41,28054
28,98937
35,08033
15,29911
32,70733
21,49067
26,33166
40,62816
21,75137
37,33917
35,02045
30,32168
32,37135
12,42410
47,38069
49,98407
42,66746
39,70730
13,88324
20,75058
45,29150
33,75630
37,66048
50,75501
73,98101
25,83262
61,07302
43,29664
39,98595
23,84401
35,63870
54,71302
5,76821
12,85309
28,95922
37,72473
45,18702
29,15001
9,74555
34,36572
31,48762
36,98548
29,64648
35,13602
38,33330
21,43435
16,67437
25,64470
36,47520
11,05836
25,68460
8,31711
38,31308
9,83287
12,97467
36,01588
17,13638
125,95119
17,56519
21,89316
39,55388
36,06254
19,55982
18,12134
30,73036
12,62988
46,17776
14,28618
93,43612
37,25049
40,10501
38,03254
37,12812
32,08755
26,12720
9,62358
19,28731
14,14548
38,40983
41,93043
10,98368
31,24920
18,79789
346,77041
22,16417
20,44608
48,62439
35,52637
21,60465
23,55718
80,94127
123,48223
36,66845
31,58004
21,99009
47,43718
30,65247
14,14433
43,85544
20,59001
44,15690
17,63538
24,10990
15,62988
206,10459
40,37362
22,61880
21,72838
43,38454
17,91942
8,49884
264,77034
38,70070
29,01746
21,11717
27,15461
31,61846
27,46175
9,46035
29,80740
42,15329
21,03290
10,67441
20,54025
24,60056
16,72084
26,48647
11,99730
35,20733
23,16943
15,35079
12,71232
19,71940
23,97123
7,77518
36,04364
12,25508
23,38068
26,60441
19,35186
295,60602
66,14208
10,68655
43,26278
15,39330
9,05757
44,04414
25,07202
15,51301
66,33609
26,15622
46,70118
83,98126
26,91706
57,76519
24,48843
9,12570
14,64770
8,36004
11,38352
69,44102
44,32112
35,31704
20,03874
33,75478
37,04009
81,14808
14,55018
22,92007
43,56756
32,45249
35,22123
16,28097
28,93215
41,14060
35,41829
9,14842
43,07652
12,21227
27,76824
27,39501
12,13797
37,39666
31,01350
61,45208
13,25567
42,85535
26,70363
43,36732
7,74426
45,53114
28,46221
16,98021
14,47630
26,96123
32,65620
21,79560
9,50143
55,39332
40,51345
32,36855
47,84120
20,78595
33,55413
30,28806
45,77571
40,76457
45,61071
47,98042
7,83462
38,43734
15,72410
79,64156
7,72392
15,65257
5,05148
32,01583
11,63349
40,08804
36,15550
100,79059
26,13808
31,82514
19,15056
5,22535
38,97450
42,98377
41,15864
31,36879
21,83545
18,96728
27,15725
18,74932
5,10927
10,04861
43,18505
14,92345
9,15625
30,22508
12,62914
18,19007
20,10528
10,52254
22,62475
13,85347
26,94525
44,45067
13,68333
15,30222
27,32140
25,77584
38,56186
26,86039
21,82190
17,29525
34,53939
5,13740
32,46142
30,74653
20,54636
12,45692
21,13343
24,49348
36,96776
34,13355
36,96087
24,07027
208,10007
8,50250
23,17201
36,67049
41,42501
35,23437
37,84118
17,87937
44,25951
33,28783
24,19473
29,53074
18,72430
23,12443
17,59542
32,28372
45,16146
71,05868
169,92114
35,68833
29,44233
34,45646
12,31754
42,35904
16,33534
8,93205
31,29108
29,07202
16,60410
233,60608
15,48470
16,60110
22,62461
29,17232
85,84754
34,01562
21,52361
23,15310
13,02650
13,70658
21,87932
26,99586
19,57217
24,42153
42,34950
28,71331
24,05346
18,66209
22,31211
21,39320
17,54103
32,58205
30,23169
41,04239
31,07827
25,69352
35,21702
28,92346
11,71063
18,04979
30,35243
17,54413
27,27557
33,28773
35,72658
11,03598
26,53081
40,40207
18,37779
35,58478
31,78949
11,95547
64,64085
6,53038
51,92543
12,27953
45,08015
46,02111
23,51031
34,67060
26,43112
21,88339
31,11507
22,76266
15,56232
27,29472
23,37343
20,99159
41,56145
20,52577
11,61467
29,49682
39,24468
38,61064
33,99123
31,49781
23,14813
27,18954
180,60610
18,33947
28,90604
43,47393
36,58725
25,70714
36,32034
15,13786
29,26405
22,79766
58,67215
126,38117
6,27028
17,13068
32,36529
39,71030
78,78757
29,56208
22,48885
28,41098
31,23930
13,47575
7,40037
15,59443
20,98004
42,24432
26,99622
44,31625
24,82725
29,25266
21,43616
43,78566
34,78027
41,70548
54,36444
9,76550
41,25169
31,36053
7,28382
18,75076
36,59332
28,12423
16,87820
41,84002
43,18969
7,40461
28,49621
23,70052
15,63876
34,68039
66,67228
31,13626
33,85292
34,48039
86,98101
19,25034
13,58220
35,81652
43,32449
36,30428
35,15688
22,55920
219,19121
21,14821
28,77385
72,72833
16,85354
34,68338
24,71825
10,18452
40,95948
27,50060
20,02762
33,72026
7,97045
28,44843
33,54827
46,24016
11,58258
106,44114
18,45056
17,45690
36,21521
11,63137
58,55412
10,14051
8,08525
36,51036
30,56046
7,80634
98,14626
5,38860
29,61736
5,02804
13,26729
39,67013
29,93285
16,75488
26,52328
31,24465
6,71676
12,34994
15,88438
43,12305
16,49621
17,32580
19,84716
27,68769
39,41419
30,30092
38,10570
20,57446
29,68035
29,19003
21,01330
21,50518
46,27055
32,78734
23,76379
40,11413
47,78726
12,44286
50,80234
40,56557
13,03275
21,14750
39,28425
26,84511
26,73036
32,80833
27,66956
37,99559
15,26159
56,94610
42,04058
11,54401
22,77964
42,68736
42,49667
17,65247
290,77011
22,38380
26,23442
32,67831
21,15423
32,40175
193,10463
69,33711
38,62254
36,97906
17,14580
40,66551
31,21113
17,71455
45,03053
44,35958
18,12071
11,24375
28,26529
5,50164
33,52036
28,60173
7,28016
6,30471
38,32831
40,60016
21,72055
35,15644
23,44086
38,18405
79,14206
8,58838
17,37091
25,08031
48,05454
30,13074
43,32905
17,95934
37,68761
28,53533
19,58651
26,32168
44,01373
19,74831
46,33145
57,94538
43,55991
79,33610
40,46041
39,87009
34,94402
80,85023
45,47568
6,74882
44,05763
9,78159
77,76119
16,56071
12,51563
15,08009
29,59041
18,30257
43,88020
33,50576
35,63549
27,27027
27,67458
32,19975
8,49916
14,11730
12,06353
31,71635
30,92670
24,06027
7,60931
21,79045
38,43606
26,45850
38,14548
17,90265
31,73075
15,94589
39,38380
31,36542
12,96161
36,56576
145,85018
15,24942
29,32008
7,80832
19,41141
39,49275
9,77585
34,79232
63,45771
16,65284
8,07675
43,53075
36,03448
18,45631
125,28546
42,99139
34,75149
47,06385
46,33907
11,69340
8,64647
19,53050
16,76711
20,53108
41,49675
16,23690
5,58064
75,87112
37,87005
27,41097
41,68315
45,76501
19,51044
38,98847
7,98841
21,45786
37,67005
34,12125
6,29434
24,32159
14,48357
108,80235
39,30075
14,94708
15,37324
11,04463
37,30182
9,07035
35,97501
14,46544
25,57003
20,45661
27,66949
21,67354
12,61231
34,26636
39,22314
15,74759
27,57752
49,52623
12,18246
40,17925
49,71201
43,51430
34,04254
17,42748
49,45144
10,72680
38,16402
27,92036
41,63074
33,64733
20,40365
12,05261
41,87522
42,24550
86,98106
6,64456
15,85292
49,27615
52,27606
22,38564
13,97453
40,55732
42,79742
46,40031
31,99118
34,49776
51,16501
65,54942
29,51354
40,36475
40,12503
18,57775
52,24011
43,54744
7,44842
12,05775
33,36374
14,13152
19,62545
35,52072
69,70801
26,56468
43,05734
10,42712
23,49621
9,78122
21,15720
21,04565
29,36451
15,49332
31,61911
24,49806
6,37878
43,12826
13,75935
6,27208
48,15627
36,93536
10,62325
36,71477
47,43451
8,56661
37,54922
45,40006
36,11776
9,57737
27,71052
29,45895
38,68941
22,14625
8,24293
66,80013
34,95616
39,76255
49,68131
30,14804
29,56710
13,65744
35,16648
16,22437
38,20877
32,13605
9,15050
26,31550
44,22025
33,13304
36,98837
12,07077
44,98331
15,47850
26,80513
17,83328
29,50843
27,06409
40,72660
37,34219
32,78539
29,07739
18,28528
44,07079
41,45142
42,63566
33,37052
34,42055
50,92801
39,67546
35,74630
41,11784
34,22709
13,27589
9,78060
14,79065
40,76641
43,36732
21,11713
27,54552
45,03833
37,21725
41,50068
99,95830
23,44473
18,57311
19,32631
7,29726
11,36256
60,32534
36,94568
30,07981
11,72519
42,95493
41,48371
31,80471
39,36571
40,59820
235,90056
35,41544
8,58328
53,95117
27,22713
37,08832
24,83686
36,99153
42,83839
5,27948
5,97910
29,28333
7,81023
34,85925
44,33823
34,46303
45,07306
50,64503
44,48889
38,95404
14,07620
44,11725
83,52342
27,20678
34,26325
44,98110
36,62520
28,58260
29,55345
39,31812
43,85207
5,73933
37,01330
45,16423
42,66757
44,82225
38,28701
31,47954
48,17026
17,78247
44,49858
43,31321
32,28374
41,57725
26,85260
23,75574
34,41091
33,67058
38,61285
39,80121
38,49329
22,34217
50,15208
39,20667
6,24064
33,28443
27,11433
41,33027
14,85617
14,25108
36,70433
44,74939
40,49752
36,43002
40,59032
116,33137
19,95501
116,78218
10,50467
33,80743
38,34235
7,67854
21,22170
5,21866
5,47161
32,95043
40,67878
7,01864
42,57527
38,33912
33,60044
28,04962
26,61924
35,41543
30,49436
32,45345
27,25534
20,41101
16,23436
47,46561
20,46319
5,18824
18,06437
5,31762
28,97882
13,30209
8,15550
23,56055
33,96069
9,97830
25,60517
30,73017
16,90245
58,37219
13,91331
23,88240
26,34994
20,36330
35,01718
20,24293
29,97378
22,54204
8,99591
13,21555
19,51458
22,42284
35,40858
50,35136
24,87580
44,36370
8,83278
14,02769
41,54844
25,55952
55,05062
35,07649
6,79344
40,79227
15,50044
59,98115
41,01238
15,68829
42,22742
48,79902
42,69217
43,38316
43,15236
32,57653
10,89833
25,67854
37,70801
44,16639
38,67842
27,56278
14,17076
38,16839
64,27403
19,72464
38,50585
24,30165
16,59213
200,90042
92,45814
12,73170
23,29659
24,15823
55,68517
34,55014
44,59070
318,90004
25,63040
26,39336
37,32680
29,52566
18,53954
36,34210
26,02703
38,07034
63,14808
8,83402
42,49404
20,16939
28,81001
12,10511
39,06385
18,98445
12,50152
43,16734
25,51520
37,01770
42,96047
31,69154
11,05474
38,18322
33,59501
57,76116
41,31729
44,76888
10,31830
10,03441
119,48214
19,38462
19,23055
13,54819
24,54967
40,46929
9,58448
8,31036
271,60615
18,68368
34,30802
30,99158
28,77534
37,61736
19,49083
137,22150
6,71450
11,89430
41,83523
23,40861
86,33612
320,77076
43,97067
20,71726
32,38780
43,43221
58,05143
35,53565
46,46365
36,26836
27,47231
12,59241
40,69023
63,68136
17,75490
28,78572
24,12972
39,47923
21,15044
20,59221
53,28269
63,14784
5,04673
26,48390
29,28150
43,31050
44,98241
34,67843
5,81525
16,51248
31,28323
148,92124
25,69367
25,29105
8,23322
37,72601
13,45883
37,29853
29,28382
10,16630
9,53527
42,55121
38,70767
42,12018
17,14065
23,13424
31,27973
63,36037
27,59025
46,66522
21,59425
44,51556
44,74542
55,31406
7,19958
10,22712
17,68366
50,63551
34,37331
10,43460
34,59532
22,60050
54,85256
27,06795
13,50428
149,35552
48,48604
42,97396
37,83655
17,38329
12,48457
44,99129
20,23030
12,17353
26,85354
9,73543
57,08638
36,22176
32,26627
54,74630
45,55926
15,72105
18,12484
32,41733
128,75231
39,87124
47,16646
32,49656
27,21005
33,57106
22,16105
9,99781
39,14872
13,82426
44,52362
11,49633
49,04987
12,54139
30,67057
34,49343
38,66732
13,21562
51,95842
28,64674
52,19807
48,31061
7,12516
12,36069
25,05152
56,78732
29,12901
36,46919
49,84108
39,26175
18,75502
12,87937
36,68928
30,79311
33,45741
12,99563
26,12487
32,34601
33,57526
28,06057
9,65611
37,95709
20,37391
23,36471
34,93513
6,99101
20,67128
22,30566
35,53954
42,20816
22,60171
8,57622
54,23604
13,83347
39,31017
186,10469
26,08511
39,27401
29,58276
6,81326
36,58240
6,04952
37,13850
11,78640
34,67749
7,29564
11,45429
18,38015
15,75856
20,33441
21,66779
11,12919
44,62941
41,21864
43,59644
23,75492
40,02540
21,28467
34,67548
16,55801
39,72524
47,46127
35,49285
42,74022
28,93562
16,79561
37,22827
31,62243
28,29516
23,29164
27,54114
32,56301
32,53716
16,71059
43,80441
34,51561
12,27926
42,75961
33,66058
44,58471
11,67548
44,45653
22,67643
23,18235
20,64637
6,47162
27,12764
33,23834
30,91301
5,95560
31,67672
56,50619
32,28594
12,72384
14,41222
42,87031
5,61731
34,60455
32,56659
32,79108
44,19805
30,30401
25,35184
9,92274
6,97731
28,13408
49,33953
43,60940
34,15214
31,63461
32,28442
43,15146
31,12431
45,84770
20,60560
39,49346
36,24374
31,46745
15,44046
189,92104
20,01778
35,24983
39,67838
16,27944
16,23937
29,97413
12,35442
27,13085
19,56045
17,61490
27,19602
51,99336
37,73735
36,03857
35,64035
21,42103
15,56253
40,61015
12,45681
44,14471
30,95376
43,97032
31,29706
39,25302
15,73661
30,76301
15,73771
34,25118
66,55327
24,15536
33,10974
32,30701
35,16364
12,61951
24,24501
68,15026
12,56047
25,49283
37,34239
28,47995
55,46772
28,63473
32,99925
44,45238
43,04430
25,70759
36,56669
40,26690
12,21770
37,54151
35,48060
9,51005
81,14611
15,94709
116,31713
31,10577
32,46323
36,20817
10,30209
25,65611
21,46176
42,98663
292,52211
34,58423
25,87001
15,29827
34,26264
28,81071
9,43061
59,49507
20,37687
32,66617
12,15207
19,93643
25,23435
157,19127
9,58465
8,24597
22,42257
35,35224
17,21221
5,54120
44,93930
37,69212
157,60623
35,68333
5,33827
44,72048
14,62556
25,15206
10,27350
28,66070
51,50220
14,22427
29,37340
25,43149
9,36775
52,23707
31,29730
19,17066
64,70114
27,07442
22,65704
31,01338
14,67751
29,66942
41,95655
35,03854
9,37025
17,66419
5,88020
40,99113
25,44689
47,37218
8,71473
13,28443
40,45874
37,18430
7,62239
18,64422
23,75433
15,58756
13,62080
31,61937
29,28792
42,57341
30,65789
43,26719
17,73004
20,58538
5,96123
34,91504
9,25831
35,12901
23,58267
14,99556
33,67673
31,95678
22,27278
30,62240
43,02831
15,39120
21,66720
37,31643
12,04743
17,61523
34,54162
9,83328
34,52316
22,60468
39,64679
5,04750
36,31096
22,71412
6,36567
70,43206
26,16866
19,99755
9,82055
5,25125
27,52543
53,62959
31,61326
11,56621
35,78414
13,47951
21,99750
32,42024
27,27893
39,55080
10,54742
43,21658
79,23225
10,79011
34,93720
33,47382
14,54470
45,49735
37,53126
43,62644
17,31331
32,99578
31,55018
17,84526
14,94945
34,47140
14,72179
390,60605
48,73401
8,72127
11,18327
11,26431
11,99563
137,95120
14,01106
192,77057
8,25114
28,26711
44,52328
28,53092
19,04626
33,28421
37,35004
292,11213
36,65663
9,88045
14,75473
48,95232
9,17844
13,37659
13,30220
35,03857
27,91381
9,21146
36,99571
41,24089
38,50588
35,63648
43,54724
65,93306
27,87055
20,28384
18,43009
40,68039
10,83628
34,24072
27,21144
39,72512
40,47135
40,69212
19,33484
12,74653
44,35601
46,39120
44,80831
7,37708
43,03049
12,47111
11,96769
24,07014
20,59834
216,10035
7,99628
58,10950
29,07848
38,12156
34,47145
213,19123
43,64722
20,50008
11,07981
36,62522
20,44117
15,33181
36,07632
9,74729
14,42088
94,38122
39,68365
24,60476
79,80026
22,12440
27,39631
27,78340
38,52650
40,17569
43,51467
26,48906
37,46039
38,01611
49,60963
18,48867
16,57262
58,68701
19,72437
46,33838
45,74135
18,33029
29,68301
52,72830
36,06264
37,51053
33,19343
32,27615
26,57660
21,07821
35,45887
34,72087
42,80545
47,66508
28,24161
17,77465
19,33030
41,07055
35,04694
44,06511
9,50597
31,44875
15,67667
15,24439
45,55410
21,41419
16,80729
39,64601
35,05739
36,64788
6,97021
25,65640
11,35480
21,06756
13,53803
41,31022
42,15462
47,06450
11,33009
37,73503
14,04694
27,37082
25,62976
7,72063
12,19023
12,33455
74,01085
13,65649
100,30132
83,76104
35,95035
7,16630
89,53223
35,59241
31,90240
42,46122
11,37829
46,16428
19,30021
37,28445
8,99689
9,16232
34,49055
33,16333
21,05464
37,56156
29,13037
43,95497
44,71945
100,40475
23,73438
24,95223
33,54810
16,82084
46,98290
47,52042
50,75701
40,82070
16,60162
21,64504
38,26582
32,11369
28,57339
37,16256
11,99019
15,25059
44,78537
45,55109
38,67142
34,04910
49,52548
14,43154
60,12202
20,35766
45,33032
40,49827
41,78375
70,78759
28,13116
82,79902
38,97383
40,33024
31,51448
98,87111
51,03819
10,75567
34,56479
36,04781
30,29730
30,48762
57,98409
42,23504
21,97465
40,98640
44,80521
26,79526
9,97148
16,92059
14,21061
19,46140
37,78009
40,62824
41,89109
31,49756
26,98933
13,30554
15,76377
8,17509
12,16686
35,43730
37,62901
41,68303
36,99689
328,11211
30,72764
43,01913
5,74547
10,12765
26,56296
39,15116
35,12170
189,92117
30,47362
27,24957
18,68127
18,56312
8,54669
10,40075
20,30428
19,41035
43,67063
17,35183
17,67357
13,57357
16,28773
33,40161
7,04779
12,42717
24,62897
36,54748
17,81401
18,75496
18,92640
30,33170
42,48442
11,85924
54,42047
22,56475
30,69337
39,15851
24,48103
25,80823
41,56327
42,59071
130,48210
13,50063
34,14224
15,46051
42,66204
27,48473
41,02863
18,24179
26,83429
21,95237
14,04019
13,99740
5,62030
45,37852
38,28713
52,62242
17,08802
41,45862
40,26855
33,49927
35,91010
41,05252
13,52355
44,04039
37,93244
37,04037
41,48071
44,67859
36,15938
36,42202
116,47203
22,75455
61,28110
20,77440
41,16929
17,49643
32,03833
11,87725
31,45788
35,45230
20,84755
33,27810
36,40176
19,58321
23,36318
51,52802
44,37357
26,16153
38,50658
29,52325
29,31766
9,66544
21,10954
24,76673
9,58482
8,92314
14,14723
50,66118
44,57531
21,16134
28,49275
13,65270
45,14589
18,80456
38,56074
89,72157
41,98936
94,64145
13,60143
43,95470
19,58381
25,56474
63,35206
34,60469
226,15342
18,37308
33,55356
16,13603
11,25841
40,63653
40,61362
19,60951
5,38568
38,18472
35,38865
97,48875
25,80005
12,22010
8,56081
45,50309
8,47529
67,38921
15,65627
98,38141
131,75223
19,31305
20,71826
15,97493
44,69043
22,57234
26,68358
27,53546
14,21679
30,83869
9,55427
20,64767
9,01340
17,54409
39,87930
37,99148
17,28587
149,90036
17,72450
43,81426
35,10606
5,61425
18,70443
31,48722
12,19492
5,34217
43,60462
39,56547
46,38138
99,95832
111,78934
38,30211
17,34221
38,59711
36,01351
62,78759
7,50147
17,38379
30,51110
16,66755
28,98019
12,43976
36,13607
7,31090
29,12024
28,89442
28,03908
40,90241
18,44065
31,47408
35,88049
27,99506
42,16102
16,17961
24,99590
45,88429
15,13810
43,41149
5,41712
15,08530
33,14559
35,49079
8,98562
9,12575
19,59072
37,02659
21,23055
13,99683
23,48423
47,39776
44,78759
29,71219
51,68718
33,49632
13,99656
136,70589
44,43821
21,73006
37,67740
25,27231
25,59001
23,77430
35,67459
69,70816
13,54166
22,11426
20,88267
22,57572
7,62886
15,25159
7,16226
12,57337
26,70533
18,56092
29,15775
32,42355
21,29575
34,99639
9,68928
31,96792
14,16130
28,57754
25,39482
9,66961
43,01431
42,83540
62,91205
23,31563
26,38221
5,24360
13,15952
31,59456
20,43112
36,73761
24,85282
33,55742
38,66211
37,95975
15,28356
21,25505
17,01612
32,99501
22,15827
21,21163
38,22401
36,59421
8,24588
6,41129
21,58366
40,46392
44,18049
21,26601
23,57708
20,75421
25,87009
23,41035
28,13736
40,39739
35,22141
25,88401
37,06280
29,83110
12,28528
32,22405
95,14808
25,33547
37,21113
23,81236
39,15558
56,46222
46,49094
6,70030
9,01230
41,56080
54,13316
43,12466
34,65077
31,32409
30,64738
41,95501
37,57755
20,29472
15,81647
34,05663
42,55808
11,95972
20,98148
23,80233
16,21838
44,90270
28,45050
17,04463
26,41760
43,36445
6,01982
31,43106
26,49120
38,37915
28,44223
20,66413
16,01749
32,02818
40,75750
43,36075
15,06018
34,07630
24,28006
38,70520
45,56736
39,22701
15,83113
11,91760
40,21917
34,22734
37,68316
18,72338
29,64652
30,04289
25,70733
44,37731
28,84772
34,23430
18,57559
10,91316
29,65470
17,12944
29,13159
29,17959
37,78591
74,48215
39,04106
48,73724
58,92501
23,04431
24,73036
28,99724
20,52405
35,28341
45,99126
65,80018
18,74650
33,16602
27,35044
50,34655
43,83813
5,51055
26,49421
37,62548
37,14025
31,96041
61,93720
39,52140
24,98168
21,99611
44,55910
36,13901
20,88005
42,29520
12,31087
43,12997
25,18612
34,63304
42,45647
21,07644
44,04554
20,81326
27,26339
26,66931
45,59725
14,41774
14,11950
21,58228
18,12057
9,17864
24,51540
22,96747
42,78405
62,33635
37,69039
5,01022
31,31567
19,02646
27,25511
14,16112
8,67004
22,82443
26,96034
29,44286
35,11949
17,84601
23,50033
29,84106
28,19607
17,57243
23,37725
32,59336
38,49789
59,63379
21,15759
22,97734
24,54646
31,91730
13,93924
5,13684
14,65662
71,26215
17,73950
46,76538
30,36507
19,48832
22,33442
58,68136
41,12173
83,68136
170,75248
44,50434
19,35957
21,37129
34,50236
47,80015
38,74081
83,33182
43,98802
37,65233
38,54770
15,57319
38,37013
10,45171
15,28455
40,13733
44,77954
16,76639
22,48809
21,61014
97,33604
26,29848
8,57256
50,05444
9,21851
24,43534
20,40078
15,24279
35,10924
21,32643
7,58057
5,83442
39,82450
7,16045
43,53080
41,34619
10,18072
23,75087
57,83313
21,30572
46,01742
9,72951
16,26376
11,98843
8,27939
24,96774
9,57429
42,66755
29,76454
81,29601
50,95351
11,55956
32,13614
31,61344
26,36861
155,85539
43,12515
26,87015
16,72924
40,28742
33,77585
12,68783
39,97034
21,91770
28,30093
36,61914
88,28203
38,57568
51,49032
38,19079
35,78412
30,19023
40,54012
16,59843
58,92804
11,41559
257,11214
12,67870
24,02917
20,23881
21,59446
13,66093
22,11977
7,31058
104,29146
10,08260
41,70507
7,85924
19,74571
47,24439
35,02178
18,95926
33,18106
25,56045
40,30601
21,98305
43,55749
23,61310
46,01721
34,58551
48,68821
36,11358
26,80501
20,39071
34,45424
26,44485
16,57584
30,94941
335,90016
30,43521
27,68971
16,39119
29,34988
45,49425
24,29666
30,49953
14,33034
26,55053
17,83445
5,97911
13,03830
57,69036
23,28339
53,23518
29,41339
24,54862
39,64874
10,83352
51,67203
124,19124
19,68760
39,75481
18,46124
50,25701
32,34238
11,24133
44,99824
39,29687
12,31037
31,77362
28,97358
38,81423
19,36793
21,98571
54,94520
30,59417
11,67520
11,08554
8,36507
21,62941
23,27502
18,16028
21,70780
32,85239
39,56311
43,97005
6,27953
100,74108
38,03276
32,52215
34,67764
30,53520
11,44890
16,97377
36,37324
53,27292
34,18324
86,36319
5,14767
16,24124
49,29405
43,13832
313,60626
23,15314
37,57341
14,67111
22,20751
42,58032
29,18914
28,33942
11,74643
15,53507
37,29841
44,18424
38,55338
9,79545
20,50155
28,22476
41,51061
16,74944
11,79744
38,26059
58,49085
43,68340
11,59312
23,76542
18,60543
17,99610
42,15772
33,67567
34,65011
49,80017
7,67566
59,43624
43,50251
20,66419
14,19610
27,47666
16,24285
19,50027
36,76305
41,54629
27,29916
18,16410
24,73644
77,85013
29,59633
10,31822
22,32404
20,23093
16,83123
327,77013
13,50659
21,43320
13,12808
43,26462
122,30326
26,32086
6,21082
14,71051
26,40242
143,77012
26,33715
45,56546
28,54615
38,12430
15,14530
22,16406
7,04928
34,57736
6,24477
20,21538
30,40164
41,70364
112,85024
44,63751
34,36047
71,44460
39,18839
34,95005
13,59733
55,74132
9,05843
24,56713
13,31094
23,33905
14,49650
59,80239
45,97448
22,13661
30,15757
72,89119
41,04683
92,94131
22,75501
33,41834
11,50635
42,68651
40,22203
69,78248
30,42167
33,50317
18,18655
43,28658
7,16840
11,30643
24,73029
35,35953
26,77974
9,64624
43,73650
19,18092
23,96718
38,63801
32,24083
38,62420
23,66759
14,62351
28,12575
10,82331
6,59038
25,43315
33,14586
43,14004
14,63036
12,48854
28,18508
29,54862
76,45209
48,31065
19,96701
42,30477
13,74032
50,92404
9,03592
18,04346
31,08054
31,95023
22,75930
80,43203
36,65068
28,35098
27,25274
16,43067
16,76008
40,25984
26,75493
42,11787
39,54001
35,40328
337,90049
43,08322
30,14706
44,36515
21,65059
26,60463
59,46805
45,93612
88,79059
26,92339
17,23409
69,44102
24,62512
33,01054
17,10960
28,56330
52,79414
14,12808
18,42079
11,96749
38,32618
16,43907
10,25163
5,56584
8,81335
8,37757
7,29575
40,75644
21,91423
8,62882
30,17846
39,48823
16,99950
27,62442
25,88132
46,43319
62,03222
34,46938
18,47948
12,72152
7,14767
46,92645
15,89419
15,12496
57,23455
12,54559
57,38756
38,02660
39,67122
42,94922
35,48469
23,23061
43,32011
43,11367
27,65555
29,90046
82,90805
22,72340
36,75785
12,15005
73,62701
24,62355
25,83424
48,72370
10,18211
24,55441
7,49229
21,23119
36,45644
17,89434
28,84743
13,22539
37,60460
19,76484
16,43456
25,30622
9,46113
22,37691
24,28651
6,24076
13,05858
36,10986
43,27260
20,06903
23,14880
25,54247
40,45320
24,58636
44,74442
5,56253
15,71486
21,53214
33,73006
15,74881
37,03304
22,04037
44,18463
47,53549
15,45013
22,86303
35,33306
22,98249
34,40374
46,06281
33,75482
44,56687
39,69135
24,48466
33,28766
46,84067
9,50027
22,65582
31,48741
16,17003
44,55049
46,04864
28,64471
28,49905
20,86045
27,01748
45,35555
31,83824
50,53553
31,44147
5,27928
13,26808
18,78387
51,44129
44,31754
22,26757
15,58328
20,68462
13,17214
35,95715
10,47862
35,07075
75,29321
19,38632
40,02537
11,72460
32,43036
23,67102
29,83112
29,12546
6,42020
37,31075
43,24271
50,20902
5,05675
90,38114
37,04268
36,06024
30,11752
161,11237
33,64771
44,07747
37,62634
31,11374
27,49724
20,67856
33,40117
36,02210
43,61745
33,72841
13,06777
37,28786
12,95004
12,49401
22,68416
37,49332
24,95742
40,92621
33,45673
7,70438
41,07046
20,95465
95,96818
19,33025
22,50447
60,19963
34,03281
24,60406
13,47305
42,26135
22,32132
15,49795
6,62467
21,29069
31,18656
31,28668
79,94609
20,60516
8,43107
41,98359
12,71322
13,35470
24,14894
7,70353
37,54613
18,54872
48,17061
25,35061
47,05763
24,33410
42,48081
38,50103
40,17360
29,98371
10,11935
25,13654
19,95558
43,58361
52,36874
56,62977
15,67481
16,98358
39,65619
15,92351
21,33388
32,41083
30,95461
10,18923
31,95956
15,81062
12,49047
24,71378
19,98628
41,48310
17,69022
19,49061
11,21853
34,97449
44,06377
25,31092
31,10573
9,54813
22,53806
23,62256
33,22968
36,04652
19,60090
39,26743
81,35648
45,15364
26,97149
34,89043
12,04364
30,45044
66,74119
22,52536
18,74017
33,55802
22,75479
26,91402
28,17938
5,63868
31,50227
14,37765
34,15864
18,20720
57,47138
38,34988
26,93230
17,87752
36,37801
39,63845
39,32140
45,41365
34,36750
17,54499
40,95616
6,35553
8,39108
37,03588
18,13676
38,20904
38,21561
60,24945
29,42601
28,72540
23,99722
15,67484
26,41226
21,84645
140,78255
8,13618
60,44302
31,31803
29,30747
15,63055
13,44846
9,05045
24,97376
58,56225
21,04344
8,25169
15,61032
84,02770
18,31002
72,98236
8,51334
29,75954
10,29520
17,19534
22,56210
39,07059
9,38852
8,51443
19,61775
31,02916
23,70121
17,01901
54,17057
59,72007
33,27897
16,58758
47,23040
36,72542
107,10019
22,23108
8,57231
23,72555
30,78591
68,97002
43,63389
38,66951
34,24014
8,25550
20,71409
115,81021
20,05042
23,21701
6,64494
27,01603
7,29726
47,55112
28,53538
43,86333
21,60426
38,27965
33,08344
6,15546
31,75023
40,58064
34,83349
26,97473
25,26208
8,04475
46,33964
27,98303
24,61572
33,57270
6,66427
39,64063
35,31777
31,85355
7,21913
14,21727
44,45347
26,40067
21,44612
40,59701
39,55407
29,27803
38,41605
8,57719
25,70079
10,71842
52,43031
36,68756
41,93460
16,48101
31,34736
20,61483
11,40061
10,77432
25,97101
76,14203
36,44882
40,87820
19,27229
52,59801
36,96795
13,62451
50,68937
115,21214
86,75226
43,29605
232,90019
8,24715
33,64868
8,74533
42,58488
44,66854
43,60942
19,61252
38,76656
15,31527
27,55122
8,56748
37,15463
26,18067
36,57755
13,15724
9,64054
247,90068
44,56237
29,16921
35,60081
26,04479
29,90274
11,57790
5,54566
38,21769
22,50613
24,40387
7,12734
42,14047
20,44273
8,26525
33,92037
41,54888
36,44425
38,12472
5,65041
31,79410
23,15320
8,40347
17,33841
9,24370
6,39177
39,58223
39,42170
44,15558
40,64434
6,98261
149,95126
10,12460
35,48240
41,32564
29,05255
31,78641
42,54895
41,01053
8,83245
10,57071
11,24943
51,13026
27,29927
92,21223
39,02715
239,77070
15,27929
40,59353
12,37727
33,63620
17,25209
35,49680
41,90260
17,56152
71,74116
20,65668
50,41008
24,18504
44,39576
56,95405
42,90502
22,18610
12,21795
73,68142
15,33025
43,95476
6,61411
26,92549
20,37725
40,97484
40,30177
40,72417
15,18330
46,51002
34,33066
8,16421
42,23867
27,52748
37,68029
32,68458
16,52755
22,13811
40,92506
11,56725
17,52347
108,19106
33,73650
6,15777
330,60624
239,77062
37,21798
30,99558
45,70121
22,54481
26,82217
73,04102
29,59724
11,11560
40,99765
33,73439
38,91762
72,33126
25,55026
6,61733
18,23829
309,77067
12,12492
28,52225
8,04678
6,41606
14,66549
28,94509
50,59601
23,39661
38,59471
5,97426
7,80805
37,65753
42,37341
34,28525
26,73622
34,42104
30,12414
15,90242
47,28328
9,48735
27,60445
35,67581
40,50070
23,15428
32,12776
9,37153
30,82801
15,30277
11,49245
26,30905
44,97453
16,20744
26,72411
38,24934
14,56142
7,96763
229,77098
28,41571
19,79560
5,99770
64,33803
21,92328
24,49504
12,58331
37,96050
41,38042
13,42217
6,51345
24,69156
50,91502
109,07081
37,80833
37,23919
27,76476
53,50607
22,92590
280,60647
105,17512
10,88346
42,97627
32,96783
39,45345
41,32514
26,30108
20,39354
16,14801
44,31201
9,35117
8,56461
73,68104
58,22314
30,31765
26,53039
69,32226
43,24381
42,43551
37,25661
11,12775
31,70049
23,58440
62,48346
14,33409
12,32656
7,47384
64,79855
30,95938
12,42048
10,61755
29,62972
7,47032
13,69162
17,30517
21,88344
35,96766
57,66047
8,21853
54,17501
11,30538
31,79364
38,10523
41,95670
44,06066
173,19123
48,06810
25,15778
36,92675
40,02571
14,80466
46,05762
38,66956
30,29172
31,16401
37,98612
44,48635
15,62866
19,64648
106,94801
24,47383
6,48762
29,05845
30,01040
30,39750
44,68814
32,03561
90,80209
13,97846
86,95824
32,61451
16,91761
42,18037
35,89420
50,84040
33,01752
30,57642
27,98610
14,45654
22,23833
22,14008
32,01982
40,60553
39,14859
41,48456
21,12812
15,59750
15,12935
39,13849
55,92506
6,64456
7,13068
39,24928
14,18405
32,51201
32,54214
17,90680
13,04936
47,37062
15,70582
39,62961
14,41730
15,19512
199,11210
24,49346
14,93285
18,20895
25,57350
47,95938
29,40370
34,97401
29,02032
61,24450
36,78382
106,85037
40,20871
39,74467
34,50258
16,65254
61,33809
33,11968
37,99786
36,61518
23,10919
32,78147
7,42408
21,97540
32,72617
39,42611
18,61543
22,76639
23,46074
16,46106
5,24963
88,44704
36,63005
10,60436
31,62203
18,44082
36,07662
11,61025
29,75449
46,30655
5,48734
15,63450
13,44077
50,08608
31,11971
32,72429
17,78615
17,65449
8,56670
26,18102
24,58332
32,30027
29,14048
44,55785
38,74553
60,68020
38,83118
9,25180
32,11719
31,32340
48,12203
9,47111
24,40359
28,49506
38,49663
53,68516
45,08733
10,50484
11,92364
43,72583
403,60609
21,99115
40,05873
8,49705
21,80503
8,46254
40,32831
31,17978
41,66418
16,32091
30,93238
32,32433
16,35748
22,94535
30,62347
44,67051
37,61813
8,21791
38,78611
9,73548
52,17217
20,04657
7,24431
32,50104
11,72394
40,14136
20,21870
28,16213
58,59914
34,25650
42,32568
10,67344
18,36006
14,65440
13,37861
38,19501
17,25571
40,92539
45,75459
5,03785
6,59010
33,68313
31,08080
43,61920
33,68014
20,15870
79,62246
43,33410
41,87556
9,90040
30,96106
29,57526
33,46035
65,94539
19,11419
39,67468
33,08310
39,56374
17,30813
20,26210
37,88439
13,38501
14,72830
29,62546
15,27572
30,12542
41,21793
12,83536
35,43782
25,60938
33,20905
22,67637
25,49855
35,72561
19,47358
44,21640
17,39042
115,10454
39,91748
18,45812
39,19003
11,49456
27,22406
32,20705
7,14219
13,56680
25,67577
21,13488
24,24224
44,10606
48,92591
38,74576
10,37380
21,83542
23,15322
7,76526
23,42409
32,21822
40,25567
44,26638
19,41735
29,52047
20,87728
32,72523
36,73946
16,14853
10,15829
41,37305
33,18635
9,21530
8,62984
7,19036
24,78112
38,65069
20,83605
65,01103
42,84747
35,76693
37,61817
10,01537
34,08020
29,24928
43,59007
6,35543
14,76832
16,28905
55,42445
14,58201
42,11702
37,63673
25,38659
21,35401
20,45714
17,60093
39,05673
37,60532
41,12732
6,72068
27,27314
14,36527
39,51029
20,77656
24,32083
85,14208
21,34665
38,45771
36,75954
12,13862
15,04435
25,48912
21,40914
51,45601
5,38754
31,23407
279,77078
46,78550
28,77538
33,68964
25,02659
29,56310
16,24884
38,28163
21,14737
9,88417
39,29123
34,89005
44,16417
5,95946
8,66412
209,77020
27,28420
15,54741
14,12803
9,65053
23,56179
5,31554
26,61755
28,75477
29,24531
25,02535
17,13787
21,49840
19,47708
47,75082
43,36373
7,48628
10,24167
22,63628
28,37713
46,36879
29,72329
26,74869
11,68376
40,29112
40,21779
18,28358
41,91935
8,61450
53,98403
27,87068
44,78879
42,01880
29,72718
27,36775
19,57622
64,62319
15,17516
18,60478
22,21403
29,39045
22,72384
37,75604
8,79529
13,49817
31,92253
20,45359
34,74063
33,70759
33,16137
95,79544
6,75773
10,12589
17,10597
46,25260
41,92567
23,01475
30,59750
32,79360
37,49892
18,76247
23,42327
20,08525
41,46986
42,28732
19,06903
41,56592
27,67208
28,48470
40,12009
39,17545
24,28385
36,63701
45,03818
18,43347
106,58274
14,47649
68,94132
9,67523
35,80624
140,94133
17,26354
13,25981
14,51528
51,27875
49,47424
27,62281
19,13485
53,29420
6,50038
12,50271
16,41548
44,76443
28,08889
149,20008
8,78065
7,56524
23,58103
34,86336
28,58532
36,55122
39,68643
26,29575
39,43942
28,16224
5,27847
38,18218
22,82052
39,77546
114,13135
32,76086
22,83283
25,45302
22,67146
38,58054
11,20617
41,97468
10,48749
27,21713
331,77098
50,45232
29,61956
25,44401
24,39631
88,44904
22,48412
88,64120
36,51631
33,62510
40,38019
58,39153
33,15773
19,94507
14,58255
47,59601
34,21773
50,47520
40,29530
38,80755
26,49431
20,11942
11,34655
20,95565
36,89301
27,76054
15,36262
18,93501
15,99021
34,92061
40,35124
33,15780
18,73537
38,86047
45,32825
10,07043
17,68036
59,40204
5,12751
5,97383
75,35234
26,43748
27,95692
44,26164
21,33139
44,61020
18,14805
40,68381
30,61378
21,62244
119,87715
10,88439
26,71465
29,05669
27,89801
39,30533
28,84710
18,17363
39,54527
5,04562
50,62223
326,60629
30,17763
39,12804
22,60442
40,71375
20,72629
50,47330
68,68122
8,05736
41,02766
16,66008
10,26440
6,67466
124,97204
7,48864
39,23970
33,57271
39,17360
9,26415
31,10911
44,31005
28,32114
96,30349
36,85220
8,39577
16,55969
37,54113
38,60083
38,85540
32,31542
89,33155
8,83651
57,46802
84,38107
47,39339
33,55384
27,49274
55,62344
72,01254
26,48726
32,66526
13,72076
24,16105
14,07843
40,60430
19,63352
44,83833
8,04627
94,92111
69,43014
44,22070
17,50538
13,52002
14,55117
15,31063
33,93210
13,66520
34,07421
32,59106
20,06422
35,63376
11,60088
61,61723
25,06071
25,30821
33,33872
40,66733
38,60538
11,75785
48,28655
40,49441
17,50050
45,35073
16,17325
28,75019
41,25231
14,95664
26,30680
28,32561
11,66757
39,41226
42,46706
21,26690
29,99516
42,67074
11,84051
12,38224
61,76109
20,10549
7,92210
32,95488
38,44454
18,68003
14,50454
5,59038
25,51578
20,60940
36,52045
41,17345
38,71676
17,49464
108,95118
8,38456
39,83645
8,29113
31,31766
20,41819
15,99322
30,71072
40,07847
26,18466
22,14589
24,68333
62,27612
42,50563
45,98520
17,23025
13,53944
10,32822
60,59914
7,25043
5,72668
72,05363
23,23923
17,33313
33,12135
39,97756
14,62414
39,46926
25,06334
39,15956
29,74759
70,85714
19,75966
43,97206
27,57102
24,66021
14,29154
11,75437
11,26660
45,73728
22,22719
40,19939
12,04680
41,72569
33,08518
80,89106
25,21102
8,82322
13,43465
72,76106
13,45459
12,66085
17,52317
24,38344
9,65759
11,40845
10,28742
35,93528
19,37335
35,85635
47,64128
12,98572
9,33469
25,38486
47,34744
16,44840
123,75235
12,19529
28,15034
54,95635
33,14030
25,79845
38,50315
45,36106
11,66970
40,98643
170,90001
31,40935
28,11795
32,85234
44,48185
40,27949
23,06756
36,34607
23,18472
29,26568
34,70354
38,06232
35,71067
22,57057
43,15774
19,77868
8,06410
5,47556
23,80808
35,46567
25,24137
13,47469
11,43036
38,58331
48,21740
33,04656
23,02359
28,04442
7,66946
22,53213
29,65463
38,36752
13,58235
23,49792
13,63748
38,75693
23,68747
19,50459
112,78221
14,77450
33,55771
21,43341
23,78614
41,91402
33,32927
31,93313
42,37332
30,30522
11,61747
12,48731
47,44095
47,12204
18,49256
8,29126
9,41756
25,17322
45,64467
7,52075
125,77049
16,63351
34,84722
7,37376
25,04418
30,50845
52,73128
30,72443
24,63845
13,93286
16,79718
40,36267
33,65566
28,58643
46,61360
70,35811
46,10960
39,46350
12,23692
17,80755
13,66963
44,45745
33,74859
37,67839
21,60056
12,64632
28,19473
36,08540
23,65556
62,52151
39,80020
21,28376
41,33914
41,66427
26,27837
61,68818
32,54205
21,97480
25,65708
16,16415
17,24923
36,41314
30,81006
14,56336
15,50047
36,37322
51,29827
43,49893
7,63456
42,67420
30,91436
43,62451
8,63385
41,36618
35,88023
43,99773
26,18229
39,50313
7,79528
6,04087
40,54311
51,21755
24,65601
52,97402
39,54007
43,62283
22,06089
41,68352
52,72453
30,62809
20,96747
33,04095
10,61572
39,56381
10,79331
34,51525
117,97214
28,97870
15,52563
44,17929
14,53574
47,60139
26,11105
12,15229
13,38454
88,98102
30,18255
38,85938
18,14525
37,40076
12,73098
65,99206
40,14041
52,32825
34,73849
27,61537
38,41351
34,59762
12,27583
30,16935
30,15698
62,24574
5,80750
264,90041
8,61818
61,14201
30,54524
33,07737
38,33980
10,12747
33,04005
19,99827
43,67108
26,73664
12,32976
8,12192
13,77380
54,52638
14,60452
41,54126
38,64021
27,79603
25,12308
70,99328
28,42023
37,86047
21,67418
85,75232
29,27829
134,33179
22,54650
32,01033
21,87417
8,39476
8,01431
78,70130
39,12486
42,05827
35,27105
14,95922
6,07643
34,56338
6,49233
36,49125
19,32084
23,64490
21,07003
57,54138
10,64833
17,76263
20,75428
16,59344
31,79601
15,36266
42,18462
17,58068
22,78235
19,02648
20,41653
8,24079
21,31092
36,29709
56,63108
61,13110
25,74860
17,58230
33,31407
38,18801
54,58260
75,61727
43,20657
19,68859
40,33316
25,63469
27,15622
57,66109
40,22746
8,88116
43,28732
19,52066
42,22637
16,66962
23,83254
23,92394
5,24475
6,45629
20,60425
13,54401
30,40322
55,72760
39,76537
43,98021
20,20689
65,72211
38,58849
29,04046
37,94040
44,78376
29,52157
45,12431
42,67138
92,02812
36,24260
111,48223
31,34759
35,49090
26,03908
69,46802
28,65658
30,32324
32,73938
32,15870
37,36550
43,80535
43,16635
11,54247
42,22643
119,75225
8,16912
30,90272
19,29450
40,56167
12,71111
10,54210
56,23669
26,42437
35,65756
33,52553
39,25202
6,56271
40,54730
10,16946
26,28538
16,43566
29,02188
27,92553
26,47928
42,74824
47,94704
73,74119
25,11413
44,08016
35,10964
33,29590
32,65739
20,95527
32,49616
23,76462
100,75206
40,43107
14,15327
31,36605
5,12027
18,51545
37,59242
34,80834
19,55983
41,40823
29,62671
41,37665
8,05358
11,21658
18,49621
43,41513
37,54470
15,06750
6,99722
25,31304
45,53074
24,87823
34,78112
14,46797
24,72742
48,40444
14,74555
8,53950
37,29801
31,40327
32,51550
256,90001
90,30339
43,04441
45,98830
81,80027
41,68954
23,67515
98,75210
10,44062
38,86510
22,76559
9,25521
45,67042
42,78959
44,01609
20,59910
56,23225
44,04555
22,95237
42,26372
12,41137
18,26208
41,93271
20,99578
32,21545
341,11225
22,44231
30,62560
21,95066
27,60934
29,99702
28,16881
28,15627
63,10506
29,12786
5,77597
24,23120
20,53058
44,62661
8,23120
47,08060
61,79407
33,02210
15,68714
33,98528
17,81076
35,57579
51,60203
23,36558
32,31044
34,36505
16,06024
12,74364
38,13145
22,55025
23,26884
29,50538
39,92173
41,49305
107,30327
34,12430
55,62344
36,45764
27,17055
68,59639
17,58230
35,22968
30,83014
26,27358
41,31017
34,05654
30,05146
7,82053
12,30721
54,80916
35,11411
12,45723
28,55438
7,70357
43,56027
339,60639
34,58058
41,19507
36,55071
32,66609
62,37208
19,12957
15,48749
7,55017
30,94020
23,25034
12,02664
30,65280
25,04856
50,06430
23,51354
9,23959
28,32310
12,91326
27,62905
12,39041
64,32803
31,58103
37,04352
18,67621
34,54838
7,79731
26,20853
30,32176
17,27042
30,28605
55,30233
20,43443
40,05901
20,26722
18,59725
15,51559
111,20003
38,57033
33,59469
27,24651
25,52584
49,32803
34,26674
17,77484
25,45309
13,63474
41,29812
11,51545
58,64110
21,41010
26,45775
27,66773
10,21826
30,45135
31,12308
15,87045
104,97216
29,59420
12,95441
31,97222
96,78726
37,61833
100,49203
24,45339
23,40070
44,47553
150,31544
117,20018
6,99555
51,06754
20,64659
27,59315
25,54126
21,55798
31,32792
9,76039
11,95458
46,48080
35,21718
20,80653
21,41659
61,27824
32,18853
56,46953
14,54622
10,78377
21,66033
24,39119
35,31601
29,19966
22,97007
36,06477
53,01050
29,19803
14,35188
46,49236
43,57465
8,61068
16,59540
22,02162
19,41776
49,13206
39,85645
22,04010
25,48475
37,49667
54,52210
24,74755
24,76305
31,29148
7,38475
26,58464
38,27824
83,33172
16,25234
20,27326
32,93234
53,45414
22,46939
37,67459
40,49052
33,24083
90,32244
6,62920
35,77505
10,50830
96,33140
9,30140
41,66409
43,50553
32,06022
17,72116
30,57774
37,55340
12,28691
27,12777
29,71082
39,17215
8,15321
31,15222
31,56118
7,17745
24,08059
17,06612
22,76621
23,33029
19,59522
22,73030
42,34223
56,47712
81,61312
8,76067
8,78109
30,36106
20,27577
38,97396
33,50864
37,75801
24,52314
33,15772
19,92595
55,64501
22,56240
25,46115
17,28107
33,44707
53,57271
27,62633
32,59038
8,48138
14,75670
44,87815
19,13492
91,46201
25,19902
43,38251
52,19960
26,54630
24,28612
36,12469
35,78747
44,59761
17,35111
41,68819
41,58530
90,53203
31,23435
45,33175
65,12206
29,65632
18,97640
34,64056
50,28675
21,02914
61,61832
43,32506
24,18622
18,67124
20,68787
41,11355
75,78744
39,01030
38,83127
46,07452
25,93449
22,56341
30,61353
6,06333
43,50168
34,87068
29,69221
43,54215
17,17084
33,75105
17,16403
52,03101
21,95618
45,66083
26,61353
33,48069
41,71018
26,63560
31,21851
49,65609
18,05141
39,91006
11,96713
10,95614
24,27829
46,77418
25,74523
16,24936
42,47610
25,02827
59,68130
11,44656
21,36274
27,04250
27,93625
21,25936
21,76577
65,70443
12,55017
40,58382
32,54156
10,90740
40,26589
58,90803
7,54655
41,60448
22,06355
35,55373
264,90015
11,54501
20,48740
334,11205
30,56587
19,71667
29,94965
32,83809
48,15666
63,10307
37,26337
34,69036
29,05730
23,65633
15,62539
13,18346
55,76903
13,43066
40,59825
12,50566
11,17845
39,48359
15,48178
26,45036
32,65729
25,21107
35,28650
42,07827
26,80801
31,72105
28,93602
23,99129
46,67002
5,13804
24,98833
28,29365
34,38481
17,71940
15,29745
18,42723
12,67456
39,17923
29,61864
41,23832
42,78201
29,25047
13,46236
25,21152
17,17540
44,73135
32,16001
13,48335
24,51029
30,61727
36,47615
17,19518
7,58830
29,96126
37,11792
7,47631
12,75492
56,48083
35,47546
40,50640
31,94611
38,71969
46,43420
30,16928
45,77901
45,15340
14,07470
11,14891
41,54141
29,38501
26,99658
30,61024
34,02835
9,39166
28,59230
8,12961
26,94301
39,43323
34,04289
12,15353
39,39323
30,04219
21,17566
21,34233
28,70001
35,29627
35,85249
9,37754
15,30273
19,21051
11,97063
49,08690
43,29450
52,90506
34,86510
16,56501
18,49775
242,35572
18,92007
16,45723
42,49453
32,56385
8,39170
35,43410
28,41174
7,13730
10,36028
10,22947
10,56501
39,41006
60,80205
20,78123
53,61604
70,49202
42,05751
31,76537
35,91768
50,37917
13,97131
42,94571
17,83804
15,92068
43,28777
7,38563
22,84062
6,54493
186,10475
8,66536
42,71949
62,80026
41,70570
53,74145
20,27929
17,45363
13,19606
46,14304
23,54511
16,72436
40,91978
31,50252
42,72712
17,84124
38,30909
38,75150
9,06611
17,56663
58,64126
48,62899
47,15322
37,68001
58,37213
9,27203
20,04020
14,47597
21,14803
21,27357
15,05652
34,17094
13,57384
10,36524
11,82844
19,54220
51,03833
7,77471
38,43067
31,59241
24,71202
29,72444
36,16634
42,94565
49,79924
18,54302
13,43908
34,67850
64,29601
25,87539
23,18920
35,10964
18,27030
35,54835
55,55418
22,79845
37,08048
38,48080
23,48203
5,61436
90,10007
40,83706
29,68437
53,20707
25,63371
69,14041
45,46561
11,50539
10,25252
22,45660
19,15340
23,73764
26,32703
36,50477
43,12865
11,58788
49,06708
17,14139
17,56589
17,89825
12,56067
31,60514
36,02053
41,46808
41,47140
10,67436
6,38017
24,97826
15,64656
65,78701
17,46076
41,33014
34,62831
47,84606
19,72529
17,60510
16,16674
15,56653
33,62280
36,54530
40,76457
35,61470
38,63125
21,32140
77,76011
37,58712
75,63115
43,44408
19,50263
22,67031
41,17938
19,46703
24,74569
39,05353
117,32223
79,19711
27,50528
8,57069
25,73441
36,50575
21,31806
15,21710
18,04228
35,67546
35,97902
11,75758
27,04623
43,07017
38,98110
16,36426
64,98465
8,18441
21,41166
16,65742
22,82513
31,08053
42,04411
27,56092
33,99726
81,24440
19,18655
6,05903
340,11234
23,72117
26,73024
41,64748
41,99647
23,26704
35,74647
45,26160
43,79852
41,25158
25,56127
43,72744
21,22432
17,59537
7,99653
18,70611
39,12148
25,21237
20,04974
27,56463
41,04558
24,32579
127,30324
43,45239
38,49329
62,36250
45,55382
86,37208
12,74347
40,84339
34,11385
5,61563
28,48858
26,18250
29,45346
31,47270
42,32966
41,98831
26,69156
26,61847
91,93722
69,01128
12,04285
46,80503
41,55117
45,62438
37,22066
46,64468
30,66510
28,51638
25,62061
6,22001
27,54986
11,50511
13,49103
186,90041
28,33190
22,72553
18,99403
32,31771
10,20667
39,36467
26,37617
38,79543
39,81505
37,51243
58,07109
29,78963
13,74457
13,11363
84,42159
15,08830
34,69201
24,67661
26,80510
22,31638
96,95141
44,30274
33,49779
7,50171
79,29661
36,24319
24,16948
318,72070
13,37178
28,46383
42,66732
42,97030
79,50067
20,29349
78,38125
10,06783
26,46703
12,44070
38,15451
13,99006
43,65661
37,75491
26,81326
37,32801
26,27344
36,04086
43,98444
27,37727
39,54121
11,53522
36,36444
17,58255
46,35476
9,43456
21,28668
34,24149
8,07068
45,70544
29,62314
53,64780
34,24272
16,13620
38,26105
13,04613
45,55972
12,97230
55,88338
33,72417
42,68964
57,99744
25,63566
17,24324
45,56097
24,33549
13,61533
10,12992
33,98649
37,59474
29,94512
23,36003
11,70543
61,36104
40,23821
16,30417
46,76834
102,80223
20,68719
47,71107
17,53036
46,46077
13,55072
29,47926
46,27614
43,56673
21,54436
28,81228
11,71360
23,22980
17,36775
14,50599
12,50051
37,93635
12,99553
34,29609
46,31568
29,76308
24,16743
9,25977
18,26671
10,30527
18,41529
20,48049
25,71444
11,62094
15,42348
114,92127
12,25932
34,64639
30,29483
40,58416
38,61543
28,66429
47,48236
39,98833
61,27127
24,65079
43,36613
26,28618
10,72113
14,16844
25,42101
24,25651
34,57004
37,13904
54,28112
11,92284
43,58580
14,79530
42,35618
24,24444
19,57632
11,37357
49,48301
31,68964
47,55041
13,15226
49,48503
23,82720
7,80740
27,87035
20,68863
57,76904
41,56044
49,48505
68,72212
18,30207
33,47327
20,59250
6,18058
37,44032
25,39194
9,48864
62,54648
30,66739
24,08751
68,46202
39,68865
20,33914
83,48207
13,98506
31,02164
20,50447
44,80125
20,18901
48,15108
20,78391
13,91345
9,59259
55,82636
9,90254
34,02347
21,65647
86,15663
18,21663
26,04917
33,66866
25,31551
55,36609
55,80120
41,71652
45,63077
55,89512
332,77078
27,71429
32,01240
30,20331
63,46122
44,48754
9,62567
25,03872
48,14081
42,98624
35,60410
32,61874
34,73008
35,42519
46,55991
39,75469
13,32907
18,17555
9,61771
37,99403
17,43843
13,56021
29,49503
50,70005
21,48131
19,63026
17,16248
69,78124
34,57350
51,49083
106,78252
37,44676
59,50138
42,98006
37,27263
68,24450
36,06105
34,17213
39,72044
14,57646
5,74867
11,78151
30,66016
8,14847
14,60517
23,82053
24,53582
58,23709
41,72860
22,55751
46,31763
6,66758
27,48122
29,96740
13,56173
19,49007
77,78263
44,65348
18,46391
30,04966
48,94578
41,26292
33,79345
20,63135
8,51534
22,71078
8,54971
37,46767
119,78261
11,24477
62,68510
30,17023
11,55003
41,23021
6,08027
24,54467
9,62084
21,32564
29,32694
38,62985
18,47882
10,95309
79,35601
17,91768
27,41055
65,66615
22,51638
20,50059
58,29440
32,62815
41,65724
25,18414
11,67458
37,28479
24,95693
30,20861
29,63556
32,26101
53,61523
17,28453
7,83523
39,57363
31,98248
45,32091
42,75491
30,10512
33,65675
6,17740
14,69218
309,60613
22,57547
27,08831
15,67108
40,01460
27,28383
34,52651
20,08835
19,97034
11,72047
23,56579
26,19319
19,24444
30,43762
17,72626
36,28694
27,48462
31,41528
30,21824
10,67952
15,95222
54,55402
36,34994
10,33825
39,68766
12,57716
43,57774
42,64856
19,60048
36,70592
13,41629
22,72669
28,37683
43,77642
127,92145
15,33830
117,53925
36,47928
13,57316
98,70115
11,70725
6,41836
18,98843
40,48137
34,95018
15,64654
30,80112
26,20874
26,23308
51,95014
29,85258
41,63350
14,18401
30,77581
47,40516
18,59274
26,22835
49,73550
52,13667
27,57106
13,31008
48,17074
43,28206
21,25009
15,72181
28,68048
15,54814
41,26448
53,07060
26,37865
14,32701
36,62037
17,36263
38,56110
33,92392
23,72350
44,75163
37,68360
22,49938
31,08110
11,31522
28,59244
9,99739
40,93615
15,07444
11,50608
46,49507
10,55328
22,30279
10,11577
36,46567
36,03048
37,62557
24,54214
70,39702
6,24413
38,23894
78,38114
27,08640
31,45362
35,75492
46,31017
116,38132
42,07747
31,72857
31,69156
49,19806
20,81084
11,63943
15,96790
42,87410
28,32215
32,95407
35,87743
29,11360
32,68717
31,05492
11,94924
30,91302
37,42464
27,16049
31,62011
18,78116
23,71662
30,90712
19,49829
26,96016
19,45810
25,13036
26,66935
46,92570
25,70057
31,92680
15,71962
22,02067
32,48101
17,49749
124,43227
32,35044
18,68783
16,56233
46,40033
9,41201
38,27864
20,27587
43,83871
70,78405
41,36553
12,47648
22,24084
25,21795
5,99777
48,54016
14,14580
25,38828
42,82925
276,77010
24,68821
66,80019
23,76527
25,62952
14,48818
69,76014
28,44849
88,20024
32,78520
32,38326
54,37040
46,30511
19,57642
14,64448
28,06340
73,73102
54,02171
31,59219
10,55710
27,65552
10,75472
25,26374
32,36751
33,42711
7,38771
92,12603
47,72544
40,58551
12,78619
18,18344
39,50468
40,93280
35,46514
32,44507
28,62414
37,62469
71,79934
43,29175
36,04079
16,35661
269,90066
13,55032
39,63560
42,83612
148,85034
192,77077
34,59053
24,86401
32,15024
22,35016
52,99179
44,72419
41,15480
34,91759
73,89108
13,52215
18,31638
37,77432
143,92135
17,24970
20,78372
35,54956
11,70632
10,62024
88,53204
5,51059
26,77577
49,44502
36,31601
21,50005
29,25443
5,56380
25,31772
14,73449
13,34771
33,83616
27,57268
21,06379
36,62244
116,48209
71,64110
25,61938
35,82442
16,37762
27,42378
41,84335
25,54734
44,67057
71,80012
75,30312
33,30178
42,30662
28,44441
12,73659
31,48006
11,99714
5,49272
28,49457
14,21718
21,67122
29,65623
19,43567
67,48640
38,89415
11,78362
5,32062
109,21224
61,63366
16,77708
22,38053
32,81526
37,63967
41,56684
13,64061
48,63005
16,18052
45,97490
34,71450
23,86301
26,06378
17,36866
16,56474
25,70437
42,94044
20,64443
12,16878
25,58265
42,62367
42,92688
28,37080
6,73950
63,22747
6,97503
29,12955
11,21612
46,20763
45,01225
42,02738
17,29044
34,12992
28,31006
31,79359
72,08527
15,13684
12,84325
33,94038
39,78358
62,76119
30,72642
80,79901
26,92408
39,32404
12,16664
28,91770
44,07832
29,44281
15,95955
42,57718
17,38683
27,15216
8,78360
92,78256
11,71424
27,63551
16,72901
38,14034
37,96141
26,04653
30,27377
27,67443
12,47362
44,25563
12,01070
55,42633
37,44622
9,13209
44,27040
15,77859
12,74081
22,77455
41,67840
33,72026
29,86053
11,75662
12,23938
12,67476
6,38330
38,93212
31,69162
19,89412
5,41725
5,13331
34,32426
27,72851
29,11693
21,95340
12,19311
28,78539
49,23126
95,30310
402,60652
17,59484
8,46787
8,84063
23,77577
33,64030
20,12548
26,71822
38,92358
44,81054
41,97540
49,02019
57,03771
36,63448
34,62871
38,12009
21,12523
32,55719
25,04649
19,98948
51,79401
20,46929
24,55018
13,53007
32,11768
25,36340
29,33305
25,61940
15,67103
15,87056
8,57706
35,12834
39,25234
22,93206
15,76263
16,10594
31,39192
24,11427
31,46793
43,65536
17,84037
42,22959
34,92230
7,64854
30,47421
15,62312
6,07857
8,57532
31,62401
52,33175
28,25847
14,95054
19,43942
6,46501
24,69128
35,55748
46,73121
40,77845
22,66012
32,04862
29,07458
29,99729
28,53825
43,68666
10,57219
30,78615
45,70514
18,57325
39,07621
29,51461
43,95722
61,01011
54,49506
15,40104
13,17581
24,40157
15,81243
49,57048
35,33703
9,38844
48,54311
45,21030
42,95636
8,63071
13,15232
38,37208
43,94606
44,31804
41,03836
17,68825
46,21869
6,12871
21,32757
11,48746
55,57013
40,99346
21,16874
19,47330
7,45844
29,11050
48,23464
20,33313
45,06477
97,30339
22,78596
30,41606
170,90041
41,85645
59,27712
36,27891
43,77351
44,95548
40,83113
25,06447
22,29365
17,80423
33,28635
35,04680
15,97496
47,79510
35,30822
22,76126
54,78945
47,68365
15,68366
63,98849
30,37188
11,92624
40,14616
40,45746
20,94708
25,60555
13,50531
46,92640
44,64804
38,80433
40,72927
20,58042
5,18037
14,87740
43,55359
10,05341
32,17850
48,84653
41,39648
62,38236
10,04558
26,15760
38,36010
83,16720
23,16441
9,95251
29,13360
38,45742
39,83526
26,30276
43,02152
38,04011
30,66066
45,44830
28,75234
20,75428
11,65529
32,90650
12,17060
15,28594
33,84660
33,22936
6,81252
44,58311
18,53583
24,01073
42,32514
41,41409
16,32433
6,45130
41,57548
30,78101
20,92351
32,80651
32,28751
27,76636
19,19032
13,74464
35,98058
7,38736
54,55932
35,54104
13,37710
43,61332
18,74451
47,39567
20,04032
16,62243
39,74563
18,84029
16,21849
7,32195
25,68144
80,84333
42,56030
28,44470
42,67219
28,66052
21,28377
35,97009
42,64465
13,06384
37,84023
41,68843
42,03853
8,99143
43,98320
41,28385
44,14712
59,33605
11,21163
29,54125
39,78405
21,17603
35,72516
120,03280
37,66748
37,89405
24,93030
19,29720
39,20850
21,29453
6,52341
43,13142
42,95685
77,44127
35,54986
18,04109
25,67950
28,29565
43,83709
36,77414
86,64106
26,51062
7,93244
50,67231
37,37641
259,19147
43,21057
24,79562
29,18616
8,36312
25,43321
14,82051
35,96015
20,27830
36,78643
22,52213
26,98033
23,65039
38,51249
21,83226
32,30620
17,12507
27,44203
41,73736
53,44110
27,11771
32,94089
57,62220
7,53578
9,16123
26,80229
35,42603
15,14468
37,28756
17,68313
44,81150
17,28016
20,45862
19,40075
25,72768
94,97212
47,42757
34,98004
5,62006
17,65739
28,92688
22,73722
34,59326
74,64120
109,78253
36,38568
140,92139
43,28027
34,87730
5,17954
19,98858
37,10918
45,03104
33,17742
43,25033
16,63468
38,80515
17,30521
37,44321
6,74436
8,02166
41,28032
30,75180
182,10464
17,66441
40,13211
54,28441
41,18504
29,77520
11,06067
19,37694
11,13439
29,71375
25,48651
32,62835
11,22309
19,15129
13,53004
22,14024
18,43462
16,92687
41,95628
15,21911
28,24468
24,57020
5,97145
33,61725
12,73768
26,13365
101,66968
6,62225
25,61884
21,34240
42,59419
22,47326
16,44321
40,64686
37,64430
36,22091
28,24597
38,19335
24,97383
31,94612
28,82724
40,61412
48,17547
30,20684
19,01746
11,56481
29,32320
24,45154
8,65051
42,65786
19,87015
22,83318
10,95060
23,41728
7,88123
72,99205
25,54204
16,59068
39,27830
29,23111
15,59318
65,67226
16,76641
34,63544
45,25193
35,48070
31,41260
41,04961
11,54413
40,76667
21,74501
42,77879
16,51544
36,19610
36,25258
35,98336
41,42256
27,95962
163,44144
120,44127
16,16353
34,70083
23,96786
6,43003
11,53178
40,22845
29,44030
15,60014
8,28684
29,12090
49,50597
54,33196
10,70520
38,57331
23,56470
10,25280
39,04490
42,45113
44,25504
26,23016
13,28448
9,57457
32,12484
9,62447
26,65688
21,56342
44,59864
10,51431
208,11208
23,67132
35,95030
18,51046
64,80015
39,28648
31,33823
41,92692
42,87553
41,30720
5,13796
62,98126
37,29370
12,72712
30,67429
39,25515
20,37142
37,45320
43,22538
14,27703
31,14894
27,24502
36,31510
38,44431
30,15062
43,90265
8,61933
23,03431
34,85331
75,78250
16,16111
41,26801
20,78632
29,60304
33,93955
41,28448
8,53066
74,23236
40,95334
24,84101
11,49410
34,78608
26,59330
73,73108
13,77577
35,05751
25,74731
8,13078
33,65746
32,12007
10,28457
20,04429
29,16735
22,92220
18,28766
17,40863
43,74883
9,98933
8,13732
18,44060
12,12007
47,94044
42,32043
5,41267
43,45804
47,03110
20,30731
8,22019
27,34602
8,63630
16,07022
45,92591
10,12883
95,27856
13,61482
42,37343
6,76034
28,57568
10,75094
7,23839
15,12419
39,33440
46,79316
39,56077
39,92806
50,06068
89,14619
8,20331
39,47231
37,87566
75,92105
13,40964
42,07087
64,50314
24,26367
17,28766
20,05363
18,67954
45,48326
42,04572
26,18469
25,38320
32,75859
22,68933
197,77015
99,33610
30,26253
16,26651
16,99161
25,84335
34,06704
35,18709
12,24281
27,55909
23,95641
27,44699
145,32259
22,66449
174,90027
11,16234
17,46543
43,08066
52,43609
89,76015
79,64106
16,43438
22,02054
15,72355
44,04015
26,39474
34,54212
20,36047
32,93652
5,54636
22,70444
31,52745
46,99130
39,16023
66,03103
20,24350
36,73071
22,65339
15,24077
39,41419
26,73551
39,01085
41,49328
17,76538
85,64125
22,69167
14,41364
276,90032
54,48603
27,26155
33,71964
15,74956
35,76821
26,42049
7,56138
42,80831
14,33960
27,57028
5,56466
33,14864
15,45778
7,39096
83,05250
9,19078
54,26710
36,47519
37,19070
29,12740
28,75701
45,02917
9,72921
8,60130
5,14138
22,50164
16,04617
32,67863
25,62014
29,53517
21,91773
45,14775
16,15377
22,80832
20,73095
11,60442
11,69166
5,83876
24,30427
32,36030
43,05764
27,94561
38,36483
13,36910
36,87062
22,62545
26,36280
168,75246
36,63532
15,58328
28,73084
35,02673
130,32220
25,79081
23,38736
21,15613
25,34606
20,48322
18,72820
40,05821
37,45243
50,60545
37,04073
22,84088
52,13470
29,96015
36,75007
18,24343
38,55040
39,42211
41,73121
29,42164
38,16234
5,54634
10,23119
36,88412
27,12406
15,58601
12,43515
28,61333
16,63966
56,03755
27,27531
17,66549
30,38368
30,11794
24,52248
7,97396
34,35054
42,57075
18,17239
84,40214
25,13815
25,48415
8,59634
32,96059
7,13302
27,41386
20,61533
7,52076
13,63633
19,63124
34,46979
24,14842
11,58845
21,58429
50,54950
24,78043
18,53029
42,53594
18,73950
39,60924
44,26440
40,52326
22,57059
31,15089
26,30184
70,80919
8,67032
41,72951
16,31560
36,39360
28,12993
10,51573
21,49327
7,71037
274,77079
32,29687
36,58549
39,79088
85,94602
9,07960
5,67855
29,26675
34,84046
19,30564
15,76360
13,47126
44,15675
13,92368
7,57520
86,04574
14,90211
27,99630
41,12836
22,61842
61,37216
18,56671
31,62894
33,05060
31,04003
31,42155
64,29204
44,12502
23,52560
33,71037
34,71468
53,50314
10,05650
52,56324
35,62298
27,55936
23,14905
43,04364
32,13638
94,23452
10,37863
33,95422
21,06481
10,72847
28,08312
52,30904
35,20707
29,79366
26,60150
21,95531
5,26562
13,47342
9,60102
72,76006
46,21740
34,06037
6,15681
37,81639
45,56096
6,13301
46,79519
24,68640
20,71004
30,23882
47,69216
31,62553
27,63951
20,72102
36,61330
28,48182
34,54494
10,44628
19,06111
34,65438
47,47807
25,57422
53,13750
11,45240
18,47147
41,62982
21,42204
14,17768
11,97901
11,23124
14,04779
28,35645
45,40175
45,56701
81,37214
21,03055
65,29420
45,91723
13,21219
30,18064
29,83555
35,04291
53,62952
26,50446
38,12543
31,28334
20,36507
58,32805
151,77021
41,68516
43,48229
6,43778
37,22314
9,36483
28,73084
30,65040
26,57442
34,44633
14,79041
29,97632
17,70036
37,70121
21,64098
7,59219
34,24983
51,20903
27,70512
10,95701
18,58348
37,47968
40,79553
17,63628
44,03886
44,05153
22,07704
15,05459
16,04254
37,07204
39,15144
26,05343
29,04261
12,81233
42,41447
59,98402
23,55021
26,60067
14,72569
13,99722
5,60461
29,18437
23,60178
12,73716
34,67661
61,63118
9,57005
25,34741
40,23040
26,12108
14,46322
44,96720
72,14214
27,71970
38,10524
14,10580
36,11423
19,45339
36,02067
28,44818
28,01089
23,87505
14,53103
25,27823
44,04349
20,38924
27,19968
28,41254
30,93960
15,52585
25,63630
38,13416
13,98037
36,62957
38,19607
61,23456
12,74452
25,14545
10,79201
41,50059
16,25320
50,43605
15,69142
223,10280
15,79092
35,15019
30,04280
19,72466
12,12439
10,17098
43,73627
11,43554
35,47666
42,34224
44,73053
57,55922
22,01031
44,62037
11,38316
15,19054
25,95439
17,41714
23,55030
37,99639
